445675.22,1
444776.12,2
443879.12,3
442983.84,4
442090.53,5
441199.12,6
440309.6,7
439421.9,8
438536.12,9
437652.38,10
436770.25,11
435890.1,12
435011.84,13
434135.47,14
433260.88,15
432388.25,16
431517.28,17
430648.28,18
429781.12,19
428915.72,20
428052.22,21
427190.53,22
426330.62,23
425472.5,24
424616.12,25
423761.62,26
422908.78,27
422057.84,28
421208.66,29
420361.34,30
419515.72,31
418671.84,32
417829.72,33
416989.5,34
416150.9,35
415314.03,36
414478.97,37
413645.53,38
412813.9,39
411983.97,40
411155.88,41
410329.47,42
409504.78,43
408681.66,44
407860.4,45
407040.84,46
406222.88,47
405406.62,48
404592.16,49
403779.38,50
402968.16,51
402158.75,52
401350.88,53
400544.75,54
399740.22,55
398937.4,56
398136.4,57
397336.78,58
396539.03,59
395742.78,60
394948.22,61
394155.28,62
393363.97,63
392574.38,64
391786.28,65
390999.88,66
390215.0,67
389431.84,68
388650.28,69
387870.25,70
387091.9,71
386315.16,72
385540.0,73
384766.38,74
383994.4,75
383223.9,76
382455.12,77
381687.78,78
380922.22,79
380158.03,80
379395.47,81
378634.4,82
377875.0,83
377117.12,84
376360.72,85
375605.9,86
374852.66,87
374101.0,88
373350.84,89
372602.22,90
371855.03,91
371109.4,92
370365.4,93
369622.88,94
368881.88,95
368142.28,96
367404.28,97
366667.75,98
365932.72,99
365199.25,100
364467.16,101
363736.66,102
363007.62,103
362280.03,104
361554.0,105
360829.4,106
360106.25,107
359384.53,108
358664.5,109
357945.75,110
357228.5,111
356512.72,112
355798.34,113
355085.38,114
354374.0,115
353663.97,116
352955.38,117
352248.28,118
351542.66,119
350838.34,120
350135.6,121
349434.16,122
348734.16,123
348035.72,124
347338.47,125
346642.78,126
345948.5,127
345255.53,128
344564.1,129
343874.06,130
343185.3,131
342498.03,132
341812.12,133
341127.6,134
340444.5,135
339762.7,136
339082.34,137
338403.38,138
337725.84,139
337049.5,140
336374.66,141
335701.16,142
335029.03,143
334358.22,144
333688.8,145
333020.75,146
332354.0,147
331688.6,148
331024.66,149
330361.94,150
329700.62,151
329040.6,152
328381.97,153
327724.6,154
327068.62,155
326413.94,156
325760.6,157
325108.53,158
324457.8,159
323808.4,160
323160.34,161
322513.53,162
321868.06,163
321223.9,164
320581.03,165
319939.47,166
319299.22,167
318660.16,168
318022.47,169
317386.1,170
316750.97,171
316117.06,172
315484.44,173
314853.22,174
314223.16,175
313594.44,176
312967.03,177
312340.75,178
311715.88,179
311092.16,180
310469.66,181
309848.56,182
309228.6,183
308609.9,184
307992.5,185
307376.34,186
306761.4,187
306147.72,188
305535.25,189
304924.03,190
304313.97,191
303705.28,192
303097.72,193
302491.38,194
301886.28,195
301282.47,196
300679.75,197
300078.28,198
299478.06,199
298879.03,200
298281.22,201
297684.6,202
297089.22,203
296495.0,204
295901.94,205
295310.16,206
294719.53,207
294130.06,208
293541.78,209
292954.72,210
292368.84,211
291784.2,212
291200.56,213
290618.28,214
290037.1,215
289457.1,216
288878.16,217
288300.5,218
287724.03,219
287148.62,220
286574.4,221
286001.34,222
285429.53,223
284858.7,224
284289.1,225
283720.66,226
283153.3,227
282587.16,228
282022.16,229
281458.25,230
280895.5,231
280333.84,232
279773.4,233
279214.0,234
278655.72,235
278098.56,236
277542.62,237
276987.75,238
276433.97,239
275881.28,240
275329.72,241
274779.3,242
274229.97,243
273681.75,244
273134.62,245
272588.56,246
272043.62,247
271499.78,248
270957.03,249
270415.4,250
269874.78,251
269335.34,252
268796.97,253
268259.66,254
267723.4,255
267188.28,256
266654.16,257
266121.16,258
265589.22,259
265058.38,260
264528.56,261
263999.8,262
263472.12,263
262945.53,264
262419.97,265
261895.45,266
261372.0,267
260849.62,268
260328.23,269
259807.94,270
259288.67,271
258770.44,272
258253.3,273
257737.14,274
257222.05,275
256708.05,276
256194.95,277
255682.92,278
255172.02,279
254662.0,280
254153.11,281
253645.17,282
253138.3,283
252632.42,284
252127.55,285
251623.73,286
251120.89,287
250619.08,288
250118.25,289
249618.42,290
249119.62,291
248621.86,292
248125.0,293
247629.17,294
247134.38,295
246640.52,296
246147.75,297
245655.92,298
245165.06,299
244675.17,300
244186.3,301
243698.42,302
243211.44,303
242725.48,304
242240.55,305
241756.5,306
241273.48,307
240791.5,308
240310.36,309
239830.17,310
239351.02,311
238872.83,312
238395.58,313
237919.31,314
237444.0,315
236969.61,316
236496.17,317
236023.7,318
235552.14,319
235081.61,320
234611.95,321
234143.23,322
233675.48,323
233208.64,324
232742.77,325
232277.8,326
231813.81,327
231350.7,328
230888.5,329
230427.25,330
229966.95,331
229507.56,332
229049.14,333
228591.56,334
228134.89,335
227679.23,336
227224.42,337
226770.48,338
226317.55,339
225865.42,340
225414.27,341
224964.08,342
224514.73,343
224066.23,344
223618.7,345
223172.0,346
222726.25,347
222281.38,348
221837.38,349
221394.31,350
220952.14,351
220510.81,352
220070.38,353
219630.83,354
219192.17,355
218754.36,356
218317.45,357
217881.39,358
217446.27,359
217012.0,360
216578.5,361
216146.0,362
215714.31,363
215283.5,364
214853.52,365
214424.42,366
213996.19,367
213568.86,368
213142.27,369
212716.64,370
212291.86,371
211867.88,372
211444.75,373
211022.52,374
210601.12,375
210180.52,376
209760.75,377
209341.94,378
208923.83,379
208506.58,380
208090.23,381
207674.69,382
207259.98,383
206846.12,384
206433.08,385
206020.86,386
205609.45,387
205198.88,388
204789.14,389
204380.17,390
203972.11,391
203564.83,392
203158.38,393
202752.7,394
202347.83,395
201943.8,396
201540.58,397
201138.14,398
200736.55,399
200335.73,400
199935.7,401
199536.5,402
199138.08,403
198740.5,404
198343.69,405
197947.64,406
197552.44,407
197157.98,408
196764.38,409
196371.52,410
195979.44,411
195588.19,412
195197.7,413
194807.92,414
194419.0,415
194030.86,416
193643.5,417
193256.88,418
192871.06,419
192486.02,420
192101.7,421
191718.2,422
191335.42,423
190953.44,424
190572.27,425
190191.83,426
189812.12,427
189433.2,428
189055.0,429
188677.58,430
188300.89,431
187925.02,432
187549.86,433
187175.45,434
186801.81,435
186428.92,436
186056.75,437
185685.36,438
185314.7,439
184944.83,440
184575.58,441
184207.14,442
183839.44,443
183472.44,444
183106.2,445
182740.73,446
182375.98,447
182011.94,448
181648.62,449
181286.05,450
180924.19,451
180563.02,452
180202.62,453
179842.98,454
179483.95,455
179125.73,456
178768.19,457
178411.36,458
178055.27,459
177699.86,460
177345.2,461
176991.2,462
176637.98,463
176285.39,464
175933.58,465
175582.45,466
175232.0,467
174882.2,468
174533.2,469
174184.83,470
173837.19,471
173490.27,472
173144.0,473
172798.45,474
172453.58,475
172109.39,476
171765.92,477
171423.14,478
171081.05,479
170739.58,480
170398.86,481
170058.73,482
169719.39,483
169380.66,484
169042.62,485
168705.28,486
168368.61,487
168032.6,488
167697.23,489
167362.58,490
167028.58,491
166695.27,492
166362.61,493
166030.6,494
165699.3,495
165368.67,496
165038.64,497
164709.33,498
164380.62,499
164052.6,500
163725.3,501
163398.58,502
163072.52,503
162747.12,504
162422.36,505
162098.23,506
161774.8,507
161452.02,508
161129.83,509
160808.33,510
160487.47,511
160167.27,512
159847.66,513
159528.72,514
159210.39,515
158892.7,516
158575.7,517
158259.3,518
157943.53,519
157628.39,520
157313.88,521
157000.02,522
156686.75,523
156374.11,524
156062.1,525
155750.77,526
155440.02,527
155129.88,528
154820.36,529
154511.5,530
154203.25,531
153895.56,532
153588.53,533
153282.11,534
152976.31,535
152671.12,536
152366.58,537
152062.55,538
151759.2,539
151456.44,540
151154.3,541
150852.73,542
150551.8,543
150251.47,544
149951.73,545
149652.56,546
149354.05,547
149056.11,548
148758.77,549
148461.98,550
148165.83,551
147870.25,552
147575.27,553
147280.89,554
146987.11,555
146693.9,556
146401.27,557
146109.23,558
145817.8,559
145526.92,560
145236.6,561
144946.92,562
144657.8,563
144369.23,564
144081.27,565
143793.86,566
143507.05,567
143220.81,568
142935.14,569
142650.02,570
142365.52,571
142081.52,572
141798.14,573
141515.34,574
141233.05,575
140951.33,576
140670.2,577
140389.66,578
140109.62,579
139830.2,580
139551.28,581
139272.97,582
138995.2,583
138717.98,584
138441.3,585
138165.2,586
137889.62,587
137614.62,588
137340.19,589
137066.25,590
136792.92,591
136520.08,592
136247.8,593
135976.11,594
135704.9,595
135434.3,596
135164.2,597
134894.67,598
134625.61,599
134357.16,600
134089.23,601
133821.8,602
133554.92,603
133288.62,604
133022.83,605
132757.56,606
132492.8,607
132228.58,608
131964.92,609
131701.73,610
131439.14,611
131177.03,612
130915.445,613
130654.4,614
130393.875,615
130133.836,616
129874.37,617
129615.41,618
129356.914,619
129098.99,620
128841.586,621
128584.63,622
128328.27,623
128072.4,624
127817.03,625
127562.15,626
127307.805,627
127054.0,628
126800.65,629
126547.836,630
126295.52,631
126043.71,632
125792.375,633
125541.586,634
125291.28,635
125041.49,636
124792.164,637
124543.375,638
124295.04,639
124047.24,640
123799.93,641
123553.12,642
123306.78,643
123060.945,644
122815.586,645
122570.74,646
122326.4,647
122082.51,648
121839.13,649
121596.23,650
121353.805,651
121111.88,652
120870.445,653
120629.48,654
120389.0,655
120149.0,656
119909.48,657
119670.47,658
119431.91,659
119193.85,660
118956.22,661
118719.086,662
118482.43,663
118246.25,664
118010.52,665
117775.305,666
117540.52,667
117306.23,668
117072.375,669
116839.02,670
116606.15,671
116373.71,672
116141.72,673
115910.22,674
115679.18,675
115448.625,676
115218.51,677
114988.85,678
114759.63,679
114530.9,680
114302.63,681
114074.81,682
113847.44,683
113620.5,684
113394.06,685
113168.055,686
112942.5,687
112717.4,688
112492.73,689
112268.52,690
112044.77,691
111821.44,692
111598.625,693
111376.164,694
111154.21,695
110932.695,696
110711.62,697
110490.945,698
110270.75,699
110050.99,700
109831.65,701
109612.81,702
109394.34,703
109176.34,704
108958.75,705
108741.625,706
108524.94,707
108308.65,708
108092.805,709
107877.414,710
107662.46,711
107447.914,712
107233.77,713
107020.1,714
106806.836,715
106594.01,716
106381.6,717
106169.625,718
105958.086,719
105746.914,720
105536.195,721
105325.93,722
105116.07,723
104906.6,724
104697.586,725
104488.945,726
104280.75,727
104072.99,728
103865.625,729
103658.69,730
103452.16,731
103246.02,732
103040.305,733
102835.01,734
102630.125,735
102425.625,736
102221.56,737
102017.914,738
101814.66,739
101611.805,740
101409.35,741
101207.336,742
101005.69,743
100804.44,744
100603.625,745
100403.22,746
100203.19,747
100003.56,748
99804.34,749
99605.52,750
99407.086,751
99209.04,752
99011.414,753
98814.18,754
98617.336,755
98420.875,756
98224.79,757
98029.15,758
97833.88,759
97639.0,760
97444.49,761
97250.38,762
97056.66,763
96863.32,764
96670.375,765
96477.82,766
96285.63,767
96093.87,768
95902.46,769
95711.414,770
95520.79,771
95330.54,772
95140.65,773
94951.16,774
94762.055,775
94573.29,776
94384.93,777
94196.93,778
94009.32,779
93822.07,780
93635.22,781
93448.72,782
93262.59,783
93076.836,784
92891.46,785
92706.49,786
92521.82,787
92337.586,788
92153.69,789
91970.15,790
91787.0,791
91604.21,792
91421.78,793
91239.72,794
91058.0,795
90876.66,796
90695.69,797
90515.086,798
90334.84,799
90154.945,800
89975.43,801
89796.25,802
89617.44,803
89439.0,804
89260.91,805
89083.18,806
88905.78,807
88728.74,808
88552.055,809
88375.72,810
88199.76,811
88024.13,812
87848.9,813
87673.98,814
87499.38,815
87325.16,816
87151.305,817
86977.77,818
86804.62,819
86631.805,820
86459.29,821
86287.15,822
86115.36,823
85943.91,824
85772.79,825
85602.02,826
85431.6,827
85261.52,828
85091.79,829
84922.37,830
84753.32,831
84584.56,832
84416.21,833
84248.14,834
84080.414,835
83913.04,836
83745.99,837
83579.27,838
83412.9,839
83246.836,840
83081.13,841
82915.76,842
82750.664,843
82585.945,844
82421.56,845
82257.484,846
82093.73,847
81930.35,848
81767.26,849
81604.51,850
81442.07,851
81279.97,852
81118.195,853
80956.71,854
80795.586,855
80634.766,856
80474.27,857
80314.125,858
80154.26,859
79994.71,860
79835.5,861
79676.625,862
79518.04,863
79359.77,864
79201.83,865
79044.22,866
78886.88,867
78729.88,868
78573.21,869
78416.83,870
78260.75,871
78105.04,872
77949.586,873
77794.46,874
77639.664,875
77485.14,876
77330.96,877
77177.07,878
77023.484,879
76870.21,880
76717.26,881
76564.6,882
76412.234,883
76260.19,884
76108.445,885
75957.01,886
75805.87,887
75655.02,888
75504.49,889
75354.26,890
75204.305,891
75054.695,892
74905.35,893
74756.29,894
74607.555,895
74459.12,896
74310.945,897
74163.09,898
74015.54,899
73868.29,900
73721.336,901
73574.63,902
73428.28,903
73282.22,904
73136.414,905
72990.89,906
72845.7,907
72700.77,908
72556.15,909
72411.805,910
72267.76,911
72123.984,912
71980.516,913
71837.336,914
71694.43,915
71551.82,916
71409.48,917
71267.44,918
71125.695,919
70984.2,920
70843.01,921
70702.09,922
70561.445,923
70421.1,924
70281.03,925
70141.24,926
70001.74,927
69862.51,928
69723.54,929
69584.87,930
69446.47,931
69308.32,932
69170.47,933
69032.9,934
68895.62,935
68758.61,936
68621.87,937
68485.44,938
68349.195,939
68213.27,940
68077.61,941
67942.24,942
67807.12,943
67672.27,944
67537.7,945
67403.39,946
67269.37,947
67135.586,948
67002.086,949
66868.85,950
66735.88,951
66603.17,952
66470.734,953
66338.586,954
66206.664,955
66075.02,956
65943.63,957
65812.52,958
65681.664,959
65551.12,960
65420.746,961
65290.668,962
65160.855,963
65031.293,964
64902.004,965
64772.95,966
64644.19,967
64515.67,968
64387.41,969
64259.438,970
64131.668,971
64004.176,972
63876.938,973
63749.934,974
63623.2,975
63496.746,976
63370.52,977
63244.51,978
63118.81,979
62993.34,980
62868.113,981
62743.145,982
62618.41,983
62493.94,984
62369.723,985
62245.77,986
62122.016,987
61998.547,988
61875.34,989
61752.36,990
61629.605,991
61507.105,992
61384.887,993
61262.875,994
61141.125,995
61019.594,996
60898.332,997
60777.293,998
60656.49,999
60535.95,1000
60415.652,1001
60295.566,1002
60175.754,1003
60056.17,1004
59936.824,1005
59817.707,1006
59698.832,1007
59580.2,1008
59461.797,1009
59343.637,1010
59225.72,1011
59108.03,1012
58990.582,1013
58873.348,1014
58756.395,1015
58639.63,1016
58523.13,1017
58406.855,1018
58290.81,1019
58174.98,1020
58059.38,1021
57944.035,1022
57828.902,1023
57714.016,1024
57599.332,1025
57484.918,1026
57370.715,1027
57256.723,1028
57142.97,1029
57029.45,1030
56916.145,1031
56803.074,1032
56690.23,1033
56577.594,1034
56465.188,1035
56353.027,1036
56241.074,1037
56129.344,1038
56017.844,1039
55906.574,1040
55795.52,1041
55684.703,1042
55574.094,1043
55463.7,1044
55353.543,1045
55243.594,1046
55133.87,1047
55024.355,1048
54915.066,1049
54805.99,1050
54697.156,1051
54588.52,1052
54480.12,1053
54371.91,1054
54263.926,1055
54156.16,1056
54048.61,1057
53941.27,1058
53834.145,1059
53727.24,1060
53620.55,1061
53514.066,1062
53407.785,1063
53301.734,1064
53195.91,1065
53090.277,1066
52984.87,1067
52879.656,1068
52774.656,1069
52669.848,1070
52565.266,1071
52460.895,1072
52356.73,1073
52252.78,1074
52149.035,1075
52045.504,1076
51942.16,1077
51839.043,1078
51736.11,1079
51633.39,1080
51530.906,1081
51428.59,1082
51326.504,1083
51224.594,1084
51122.895,1085
51021.42,1086
50920.145,1087
50819.066,1088
50718.17,1089
50617.504,1090
50517.016,1091
50416.746,1092
50316.668,1093
50216.8,1094
50117.11,1095
50017.637,1096
49918.36,1097
49819.277,1098
49720.395,1099
49621.72,1100
49523.223,1101
49424.926,1102
49326.848,1103
49228.95,1104
49131.277,1105
49033.754,1106
48936.45,1107
48839.324,1108
48742.375,1109
48645.652,1110
48549.13,1111
48452.797,1112
48356.63,1113
48260.688,1114
48164.934,1115
48069.348,1116
47973.97,1117
47878.77,1118
47783.76,1119
47688.953,1120
47594.316,1121
47499.88,1122
47405.625,1123
47311.574,1124
47217.69,1125
47123.996,1126
47030.51,1127
46937.188,1128
46844.062,1129
46751.113,1130
46658.363,1131
46565.8,1132
46473.41,1133
46381.203,1134
46289.184,1135
46197.375,1136
46105.723,1137
46014.25,1138
45922.984,1139
45831.887,1140
45740.973,1141
45650.25,1142
45559.707,1143
45469.344,1144
45379.16,1145
45289.152,1146
45199.348,1147
45109.703,1148
45020.23,1149
44930.926,1150
44841.81,1151
44752.887,1152
44664.13,1153
44575.55,1154
44487.17,1155
44398.94,1156
44310.91,1157
44223.03,1158
44135.332,1159
44047.812,1160
43960.473,1161
43873.312,1162
43786.33,1163
43699.484,1164
43612.824,1165
43526.37,1166
43440.074,1167
43353.93,1168
43268.0,1169
43182.2,1170
43096.59,1171
43011.145,1172
42925.87,1173
42840.77,1174
42755.83,1175
42671.082,1176
42586.477,1177
42502.066,1178
42417.812,1179
42333.73,1180
42249.81,1181
42166.082,1182
42082.484,1183
41999.06,1184
41915.816,1185
41832.75,1186
41749.832,1187
41667.074,1188
41584.51,1189
41502.066,1190
41419.816,1191
41337.74,1192
41255.805,1193
41174.027,1194
41092.434,1195
41011.01,1196
40929.74,1197
40848.625,1198
40767.69,1199
40686.902,1200
40606.277,1201
40525.81,1202
40445.5,1203
40365.35,1204
40285.363,1205
40205.547,1206
40125.902,1207
40046.383,1208
39967.043,1209
39887.867,1210
39808.832,1211
39729.965,1212
39651.254,1213
39572.684,1214
39494.3,1215
39416.06,1216
39337.984,1217
39260.05,1218
39182.28,1219
39104.652,1220
39027.188,1221
38949.89,1222
38872.723,1223
38795.754,1224
38718.895,1225
38642.207,1226
38565.656,1227
38489.29,1228
38413.04,1229
38336.965,1230
38261.035,1231
38185.27,1232
38109.64,1233
38034.164,1234
37958.832,1235
37883.67,1236
37808.63,1237
37733.766,1238
37659.047,1239
37584.457,1240
37510.043,1241
37435.76,1242
37361.637,1243
37287.676,1244
37213.83,1245
37140.168,1246
37066.613,1247
36993.227,1248
36919.98,1249
36846.883,1250
36773.94,1251
36701.12,1252
36628.473,1253
36555.965,1254
36483.586,1255
36411.363,1256
36339.293,1257
36267.355,1258
36195.566,1259
36123.918,1260
36052.402,1261
35981.047,1262
35909.844,1263
35838.76,1264
35767.82,1265
35697.035,1266
35626.38,1267
35555.855,1268
35485.5,1269
35415.273,1270
35345.18,1271
35275.242,1272
35205.426,1273
35135.746,1274
35066.223,1275
34996.832,1276
34927.582,1277
34858.47,1278
34789.504,1279
34720.664,1280
34651.96,1281
34583.406,1282
34514.973,1283
34446.684,1284
34378.52,1285
34310.52,1286
34242.63,1287
34174.895,1288
34107.293,1289
34039.816,1290
33972.477,1291
33905.277,1292
33838.207,1293
33771.266,1294
33704.47,1295
33637.805,1296
33571.277,1297
33504.87,1298
33438.605,1299
33372.465,1300
33306.453,1301
33240.59,1302
33174.844,1303
33109.24,1304
33043.754,1305
32978.41,1306
32913.19,1307
32848.117,1308
32783.152,1309
32718.314,1310
32653.633,1311
32589.064,1312
32524.625,1313
32460.31,1314
32396.135,1315
32332.076,1316
32268.139,1317
32204.35,1318
32140.69,1319
32077.154,1320
32013.736,1321
31950.436,1322
31887.275,1323
31824.24,1324
31761.336,1325
31698.549,1326
31635.9,1327
31573.375,1328
31510.963,1329
31448.686,1330
31386.518,1331
31324.475,1332
31262.57,1333
31200.775,1334
31139.107,1335
31077.555,1336
31016.143,1337
30954.857,1338
30893.697,1339
30832.65,1340
30771.729,1341
30710.93,1342
30650.244,1343
30589.682,1344
30529.242,1345
30468.922,1346
30408.719,1347
30348.639,1348
30288.68,1349
30228.842,1350
30169.127,1351
30109.53,1352
30050.04,1353
29990.674,1354
29931.44,1355
29872.303,1356
29813.299,1357
29754.414,1358
29695.64,1359
29636.99,1360
29578.447,1361
29520.04,1362
29461.729,1363
29403.553,1364
29345.49,1365
29287.533,1366
29229.709,1367
29171.986,1368
29114.37,1369
29056.875,1370
28999.5,1371
28942.232,1372
28885.078,1373
28828.045,1374
28771.115,1375
28714.318,1376
28657.625,1377
28601.053,1378
28544.586,1379
28488.24,1380
28431.982,1381
28375.852,1382
28319.83,1383
28263.922,1384
28208.148,1385
28152.455,1386
28096.898,1387
28041.428,1388
27986.076,1389
27930.838,1390
27875.709,1391
27820.69,1392
27765.787,1393
27710.998,1394
27656.307,1395
27601.729,1396
27547.258,1397
27492.893,1398
27438.648,1399
27384.51,1400
27330.469,1401
27276.541,1402
27222.719,1403
27169.021,1404
27115.414,1405
27061.912,1406
27008.514,1407
26955.244,1408
26902.07,1409
26848.992,1410
26796.03,1411
26743.17,1412
26690.4,1413
26637.775,1414
26585.229,1415
26532.79,1416
26480.451,1417
26428.24,1418
26376.117,1419
26324.088,1420
26272.172,1421
26220.365,1422
26168.646,1423
26117.045,1424
26065.545,1425
26014.14,1426
25962.842,1427
25911.658,1428
25860.578,1429
25809.578,1430
25758.693,1431
25707.92,1432
25657.219,1433
25606.646,1434
25556.164,1435
25505.781,1436
25455.5,1437
25405.32,1438
25355.236,1439
25305.258,1440
25255.383,1441
25205.596,1442
25155.922,1443
25106.352,1444
25056.865,1445
25007.479,1446
24958.193,1447
24909.0,1448
24859.924,1449
24810.932,1450
24762.031,1451
24713.248,1452
24664.54,1453
24615.936,1454
24567.451,1455
24519.04,1456
24470.732,1457
24422.51,1458
24374.404,1459
24326.393,1460
24278.469,1461
24230.635,1462
24182.906,1463
24135.273,1464
24087.725,1465
24040.273,1466
23992.932,1467
23945.672,1468
23898.518,1469
23851.44,1470
23804.47,1471
23757.586,1472
23710.805,1473
23664.115,1474
23617.518,1475
23571.01,1476
23524.604,1477
23478.28,1478
23432.057,1479
23385.924,1480
23339.875,1481
23293.928,1482
23248.062,1483
23202.299,1484
23156.63,1485
23111.04,1486
23065.54,1487
23020.148,1488
22974.838,1489
22929.611,1490
22884.477,1491
22839.436,1492
22794.482,1493
22749.625,1494
22704.865,1495
22660.182,1496
22615.586,1497
22571.078,1498
22526.672,1499
22482.336,1500
22438.102,1501
22393.953,1502
22349.885,1503
22305.912,1504
22262.04,1505
22218.244,1506
22174.521,1507
22130.904,1508
22087.367,1509
22043.914,1510
22000.553,1511
21957.295,1512
21914.094,1513
21871.002,1514
21827.982,1515
21785.06,1516
21742.217,1517
21699.46,1518
21656.781,1519
21614.2,1520
21571.7,1521
21529.271,1522
21486.943,1523
21444.693,1524
21402.533,1525
21360.45,1526
21318.455,1527
21276.549,1528
21234.717,1529
21192.973,1530
21151.32,1531
21109.74,1532
21068.232,1533
21026.832,1534
20985.514,1535
20944.252,1536
20903.092,1537
20862.016,1538
20821.014,1539
20780.096,1540
20739.256,1541
20698.506,1542
20657.842,1543
20617.242,1544
20576.732,1545
20536.31,1546
20495.967,1547
20455.7,1548
20415.498,1549
20375.406,1550
20335.38,1551
20295.428,1552
20255.572,1553
20215.785,1554
20176.08,1555
20136.45,1556
20096.908,1557
20057.44,1558
20018.045,1559
19978.729,1560
19939.5,1561
19900.352,1562
19861.273,1563
19822.27,1564
19783.355,1565
19744.512,1566
19705.748,1567
19667.059,1568
19628.44,1569
19589.92,1570
19551.459,1571
19513.074,1572
19474.773,1573
19436.549,1574
19398.408,1575
19360.334,1576
19322.33,1577
19284.412,1578
19246.559,1579
19208.795,1580
19171.104,1581
19133.475,1582
19095.936,1583
19058.465,1584
19021.072,1585
18983.748,1586
18946.514,1587
18909.336,1588
18872.236,1589
18835.225,1590
18798.275,1591
18761.4,1592
18724.607,1593
18687.879,1594
18651.225,1595
18614.645,1596
18578.135,1597
18541.697,1598
18505.33,1599
18469.045,1600
18432.834,1601
18396.691,1602
18360.615,1603
18324.611,1604
18288.686,1605
18252.824,1606
18217.049,1607
18181.338,1608
18145.697,1609
18110.139,1610
18074.635,1611
18039.205,1612
18003.852,1613
17968.56,1614
17933.342,1615
17898.195,1616
17863.115,1617
17828.107,1618
17793.168,1619
17758.303,1620
17723.518,1621
17688.79,1622
17654.137,1623
17619.553,1624
17585.04,1625
17550.588,1626
17516.21,1627
17481.896,1628
17447.658,1629
17413.479,1630
17379.379,1631
17345.338,1632
17311.36,1633
17277.451,1634
17243.63,1635
17209.855,1636
17176.152,1637
17142.523,1638
17108.947,1639
17075.453,1640
17042.023,1641
17008.658,1642
16975.354,1643
16942.127,1644
16908.959,1645
16875.857,1646
16842.828,1647
16809.861,1648
16776.963,1649
16744.127,1650
16711.354,1651
16678.654,1652
16646.014,1653
16613.443,1654
16580.94,1655
16548.502,1656
16516.123,1657
16483.816,1658
16451.576,1659
16419.395,1660
16387.268,1661
16355.207,1662
16323.207,1663
16291.28,1664
16259.417,1665
16227.614,1666
16195.878,1667
16164.204,1668
16132.589,1669
16101.05,1670
16069.573,1671
16038.153,1672
16006.802,1673
15975.495,1674
15944.266,1675
15913.09,1676
15881.973,1677
15850.937,1678
15819.954,1679
15789.038,1680
15758.179,1681
15727.384,1682
15696.6455,1683
15665.972,1684
15635.3545,1685
15604.8,1686
15574.309,1687
15543.88,1688
15513.516,1689
15483.204,1690
15452.949,1691
15422.758,1692
15392.629,1693
15362.5625,1694
15332.562,1695
15302.609,1696
15272.715,1697
15242.884,1698
15213.121,1699
15183.41,1700
15153.761,1701
15124.171,1702
15094.636,1703
15065.16,1704
15035.75,1705
15006.3955,1706
14977.1045,1707
14947.864,1708
14918.688,1709
14889.566,1710
14860.507,1711
14831.493,1712
14802.542,1713
14773.651,1714
14744.82,1715
14716.056,1716
14687.34,1717
14658.679,1718
14630.071,1719
14601.528,1720
14573.05,1721
14544.62,1722
14516.237,1723
14487.934,1724
14459.672,1725
14431.469,1726
14403.316,1727
14375.228,1728
14347.2,1729
14319.218,1730
14291.296,1731
14263.431,1732
14235.614,1733
14207.855,1734
14180.155,1735
14152.512,1736
14124.917,1737
14097.382,1738
14069.903,1739
14042.484,1740
14015.11,1741
13987.794,1742
13960.539,1743
13933.327,1744
13906.179,1745
13879.079,1746
13852.032,1747
13825.044,1748
13798.112,1749
13771.23,1750
13744.405,1751
13717.622,1752
13690.909,1753
13664.238,1754
13637.626,1755
13611.07,1756
13584.556,1757
13558.103,1758
13531.704,1759
13505.351,1760
13479.054,1761
13452.815,1762
13426.621,1763
13400.485,1764
13374.405,1765
13348.362,1766
13322.384,1767
13296.442,1768
13270.567,1769
13244.738,1770
13218.961,1771
13193.231,1772
13167.566,1773
13141.941,1774
13116.375,1775
13090.855,1776
13065.391,1777
13039.972,1778
13014.6045,1779
12989.285,1780
12964.027,1781
12938.806,1782
12913.6455,1783
12888.53,1784
12863.464,1785
12838.46,1786
12813.485,1787
12788.583,1788
12763.711,1789
12738.897,1790
12714.13,1791
12689.41,1792
12664.745,1793
12640.134,1794
12615.5625,1795
12591.047,1796
12566.574,1797
12542.149,1798
12517.777,1799
12493.453,1800
12469.181,1801
12444.956,1802
12420.777,1803
12396.648,1804
12372.5625,1805
12348.531,1806
12324.547,1807
12300.61,1808
12276.711,1809
12252.872,1810
12229.082,1811
12205.34,1812
12181.64,1813
12157.989,1814
12134.391,1815
12110.832,1816
12087.323,1817
12063.855,1818
12040.446,1819
12017.078,1820
11993.753,1821
11970.478,1822
11947.249,1823
11924.0625,1824
11900.93,1825
11877.837,1826
11854.796,1827
11831.797,1828
11808.841,1829
11785.942,1830
11763.078,1831
11740.267,1832
11717.5,1833
11694.78,1834
11672.097,1835
11649.464,1836
11626.866,1837
11604.329,1838
11581.825,1839
11559.376,1840
11536.962,1841
11514.6045,1842
11492.28,1843
11470.016,1844
11447.777,1845
11425.595,1846
11403.452,1847
11381.348,1848
11359.3,1849
11337.292,1850
11315.331,1851
11293.405,1852
11271.536,1853
11249.702,1854
11227.913,1855
11206.167,1856
11184.462,1857
11162.806,1858
11141.198,1859
11119.613,1860
11098.089,1861
11076.597,1862
11055.159,1863
11033.758,1864
11012.398,1865
10991.082,1866
10969.809,1867
10948.578,1868
10927.391,1869
10906.245,1870
10885.1455,1871
10864.089,1872
10843.071,1873
10822.093,1874
10801.157,1875
10780.266,1876
10759.419,1877
10738.602,1878
10717.836,1879
10697.109,1880
10676.421,1881
10655.779,1882
10635.178,1883
10614.612,1884
10594.089,1885
10573.606,1886
10553.172,1887
10532.778,1888
10512.416,1889
10492.109,1890
10471.834,1891
10451.597,1892
10431.402,1893
10411.256,1894
10391.136,1895
10371.067,1896
10351.031,1897
10331.038,1898
10311.08,1899
10291.173,1900
10271.298,1901
10251.459,1902
10231.659,1903
10211.911,1904
10192.188,1905
10172.519,1906
10152.885,1907
10133.284,1908
10113.728,1909
10094.21,1910
10074.727,1911
10055.282,1912
10035.884,1913
10016.5205,1914
9997.192,1915
9977.901,1916
9958.655,1917
9939.448,1918
9920.2705,1919
9901.143,1920
9882.044,1921
9862.989,1922
9843.971,1923
9824.993,1924
9806.051,1925
9787.144,1926
9768.274,1927
9749.448,1928
9730.658,1929
9711.901,1930
9693.181,1931
9674.505,1932
9655.863,1933
9637.259,1934
9618.691,1935
9600.165,1936
9581.673,1937
9563.218,1938
9544.797,1939
9526.404,1940
9508.062,1941
9489.753,1942
9471.478,1943
9453.245,1944
9435.047,1945
9416.886,1946
9398.758,1947
9380.664,1948
9362.6045,1949
9344.59,1950
9326.614,1951
9308.669,1952
9290.75,1953
9272.876,1954
9255.042,1955
9237.237,1956
9219.47,1957
9201.731,1958
9184.038,1959
9166.372,1960
9148.751,1961
9131.159,1962
9113.602,1963
9096.081,1964
9078.591,1965
9061.133,1966
9043.725,1967
9026.343,1968
9008.994,1969
8991.682,1970
8974.401,1971
8957.153,1972
8939.953,1973
8922.774,1974
8905.642,1975
8888.534,1976
8871.464,1977
8854.42,1978
8837.415,1979
8820.446,1980
8803.515,1981
8786.618,1982
8769.749,1983
8752.909,1984
8736.107,1985
8719.342,1986
8702.602,1987
8685.903,1988
8669.243,1989
8652.608,1990
8636.011,1991
8619.443,1992
8602.905,1993
8586.406,1994
8569.929,1995
8553.489,1996
8537.096,1997
8520.728,1998
8504.3955,1999
8488.093,2000
8471.824,2001
8455.581,2002
8439.378,2003
8423.201,2004
8407.054,2005
8390.947,2006
8374.866,2007
8358.818,2008
8342.813,2009
8326.833,2010
8310.891,2011
8294.97,2012
8279.085,2013
8263.231,2014
8247.41,2015
8231.622,2016
8215.857,2017
8200.13,2018
8184.4316,2019
8168.765,2020
8153.1274,2021
8137.523,2022
8121.9478,2023
8106.4067,2024
8090.8906,2025
8075.4224,2026
8059.971,2027
8044.5664,2028
8029.178,2029
8013.8267,2030
7998.504,2031
7983.2134,2032
7967.9507,2033
7952.722,2034
7937.523,2035
7922.353,2036
7907.2134,2037
7892.102,2038
7877.021,2039
7861.974,2040
7846.9507,2041
7831.965,2042
7817.0044,2043
7802.074,2044
7787.174,2045
7772.2993,2046
7757.4585,2047
7742.6523,2048
7727.8716,2049
7713.119,2050
7698.395,2051
7683.7026,2052
7669.0396,2053
7654.4067,2054
7639.8022,2055
7625.23,2056
7610.682,2057
7596.1626,2058
7581.6772,2059
7567.2227,2060
7552.789,2061
7538.388,2062
7524.0195,2063
7509.679,2064
7495.3574,2065
7481.064,2066
7466.8027,2067
7452.571,2068
7438.364,2069
7424.191,2070
7410.0396,2071
7395.9204,2072
7381.8306,2073
7367.7695,2074
7353.734,2075
7339.731,2076
7325.752,2077
7311.807,2078
7297.885,2079
7283.9966,2080
7270.133,2081
7256.2983,2082
7242.48,2083
7228.6978,2084
7214.939,2085
7201.207,2086
7187.51,2087
7173.832,2088
7160.189,2089
7146.5703,2090
7132.9805,2091
7119.4175,2092
7105.883,2093
7092.3804,2094
7078.893,2095
7065.431,2096
7052.0005,2097
7038.5977,2098
7025.222,2099
7011.8716,2100
6998.5547,2101
6985.26,2102
6971.9917,2103
6958.7427,2104
6945.527,2105
6932.3335,2106
6919.1743,2107
6906.0366,2108
6892.9243,2109
6879.8423,2110
6866.7847,2111
6853.756,2112
6840.748,2113
6827.763,2114
6814.807,2115
6801.8813,2116
6788.98,2117
6776.104,2118
6763.256,2119
6750.426,2120
6737.6294,2121
6724.849,2122
6712.1016,2123
6699.3804,2124
6686.685,2125
6674.0137,2126
6661.367,2127
6648.7407,2128
6636.1445,2129
6623.5723,2130
6611.027,2131
6598.5093,2132
6586.011,2133
6573.5415,2134
6561.0884,2135
6548.6724,2136
6536.273,2137
6523.906,2138
6511.557,2139
6499.2305,2140
6486.938,2141
6474.6626,2142
6462.4175,2143
6450.1875,2144
6437.9863,2145
6425.8125,2146
6413.6587,2147
6401.5337,2148
6389.43,2149
6377.346,2150
6365.293,2151
6353.2656,2152
6341.2583,2153
6329.276,2154
6317.312,2155
6305.3813,2156
6293.471,2157
6281.584,2158
6269.7188,2159
6257.877,2160
6246.063,2161
6234.275,2162
6222.504,2163
6210.7563,2164
6199.0376,2165
6187.3364,2166
6175.666,2167
6164.0083,2168
6152.3843,2169
6140.78,2170
6129.1987,2171
6117.6353,2172
6106.096,2173
6094.5864,2174
6083.099,2175
6071.629,2176
6060.1816,2177
6048.761,2178
6037.363,2179
6025.9863,2180
6014.633,2181
6003.3022,2182
5991.998,2183
5980.7114,2184
5969.447,2185
5958.2075,2186
5946.9917,2187
5935.7925,2188
5924.6206,2189
5913.47,2190
5902.345,2191
5891.235,2192
5880.155,2193
5869.0938,2194
5858.0474,2195
5847.0356,2196
5836.0386,2197
5825.0645,2198
5814.1113,2199
5803.1797,2200
5792.276,2201
5781.386,2202
5770.521,2203
5759.68,2204
5748.86,2205
5738.056,2206
5727.28,2207
5716.5273,2208
5705.7886,2209
5695.0757,2210
5684.3843,2211
5673.7163,2212
5663.068,2213
5652.437,2214
5641.8354,2215
5631.25,2216
5620.685,2217
5610.1445,2218
5599.6187,2219
5589.1167,2220
5578.6426,2221
5568.1772,2222
5557.7397,2223
5547.326,2224
5536.926,2225
5526.5483,2226
5516.1973,2227
5505.861,2228
5495.5435,2229
5485.252,2230
5474.977,2231
5464.726,2232
5454.498,2233
5444.283,2234
5434.0923,2235
5423.924,2236
5413.7773,2237
5403.643,2238
5393.5337,2239
5383.446,2240
5373.376,2241
5363.329,2242
5353.2983,2243
5343.293,2244
5333.2983,2245
5323.3306,2246
5313.381,2247
5303.4507,2248
5293.5386,2249
5283.655,2250
5273.781,2251
5263.933,2252
5254.099,2253
5244.286,2254
5234.4946,2255
5224.7236,2256
5214.9673,2257
5205.2397,2258
5195.5254,2259
5185.833,2260
5176.155,2261
5166.498,2262
5156.8657,2263
5147.2495,2264
5137.649,2265
5128.07,2266
5118.5103,2267
5108.974,2268
5099.452,2269
5089.947,2270
5080.4644,2271
5070.9976,2272
5061.5513,2273
5052.1265,2274
5042.7183,2275
5033.3267,2276
5023.958,2277
5014.61,2278
5005.274,2279
4995.961,2280
4986.6655,2281
4977.388,2282
4968.127,2283
4958.888,2284
4949.6655,2285
4940.4634,2286
4931.2817,2287
4922.112,2288
4912.964,2289
4903.831,2290
4894.719,2291
4885.6274,2292
4876.5537,2293
4867.4995,2294
4858.456,2295
4849.4375,2296
4840.434,2297
4831.447,2298
4822.482,2299
4813.5317,2300
4804.6035,2301
4795.69,2302
4786.7954,2303
4777.917,2304
4769.06,2305
4760.2144,2306
4751.388,2307
4742.5806,2308
4733.793,2309
4725.016,2310
4716.2627,2311
4707.5283,2312
4698.8066,2313
4690.109,2314
4681.4253,2315
4672.7593,2316
4664.1084,2317
4655.4766,2318
4646.858,2319
4638.2656,2320
4629.681,2321
4621.1157,2322
4612.568,2323
4604.0415,2324
4595.5264,2325
4587.034,2326
4578.549,2327
4570.09,2328
4561.641,2329
4553.2173,2330
4544.804,2331
4536.407,2332
4528.027,2333
4519.6675,2334
4511.3223,2335
4502.9946,2336
4494.683,2337
4486.39,2338
4478.108,2339
4469.847,2340
4461.6045,2341
4453.3755,2342
4445.1626,2343
4436.969,2344
4428.7866,2345
4420.627,2346
4412.4805,2347
4404.349,2348
4396.2344,2349
4388.141,2350
4380.057,2351
4371.9927,2352
4363.9443,2353
4355.9136,2354
4347.898,2355
4339.8926,2356
4331.9077,2357
4323.9375,2358
4315.9834,2359
4308.0454,2360
4300.1255,2361
4292.217,2362
4284.3267,2363
4276.4546,2364
4268.598,2365
4260.7534,2366
4252.924,2367
4245.114,2368
4237.316,2369
4229.535,2370
4221.7725,2371
4214.0225,2372
4206.2866,2373
4198.571,2374
4190.8706,2375
4183.1763,2376
4175.5083,2377
4167.848,2378
4160.2095,2379
4152.58,2380
4144.969,2381
4137.3735,2382
4129.793,2383
4122.224,2384
4114.6743,2385
4107.139,2386
4099.617,2387
4092.1133,2388
4084.6262,2389
4077.1462,2390
4069.6863,2391
4062.2412,2392
4054.8098,2393
4047.3958,2394
4039.9949,2395
4032.6104,2396
4025.2356,2397
4017.8826,2398
4010.538,2399
4003.214,2400
3995.9014,2401
3988.6008,2402
3981.3223,2403
3974.0486,2404
3966.7969,2405
3959.5554,2406
3952.3308,2407
3945.118,2408
3937.923,2409
3930.7363,2410
3923.571,2411
3916.415,2412
3909.28,2413
3902.1516,2414
3895.0383,2415
3887.9426,2416
3880.8596,2417
3873.792,2418
3866.7412,2419
3859.699,2420
3852.6711,2421
3845.658,2422
3838.66,2423
3831.676,2424
3824.704,2425
3817.7502,2426
3810.8086,2427
3803.8792,2428
3796.964,2429
3790.0645,2430
3783.176,2431
3776.3054,2432
3769.4426,2433
3762.5947,2434
3755.7654,2435
3748.946,2436
3742.138,2437
3735.3474,2438
3728.57,2439
3721.8057,2440
3715.0576,2441
3708.3184,2442
3701.5957,2443
3694.8845,2444
3688.1887,2445
3681.505,2446
3674.8367,2447
3668.1775,2448
3661.536,2449
3654.9065,2450
3648.2869,2451
3641.6858,2452
3635.0935,2453
3628.5173,2454
3621.954,2455
3615.402,2456
3608.8623,2457
3602.3376,2458
3595.8264,2459
3589.3274,2460
3582.8457,2461
3576.371,2462
3569.9094,2463
3563.461,2464
3557.028,2465
3550.6038,2466
3544.1921,2467
3537.7961,2468
3531.413,2469
3525.042,2470
3518.6863,2471
3512.3398,2472
3506.0051,2473
3499.6895,2474
3493.3809,2475
3487.0872,2476
3480.8027,2477
3474.533,2478
3468.2761,2479
3462.0303,2480
3455.8015,2481
3449.5781,2482
3443.3733,2483
3437.1738,2484
3430.9924,2485
3424.8232,2486
3418.6611,2487
3412.5176,2488
3406.3857,2489
3400.2615,2490
3394.1506,2491
3388.0579,2492
3381.9705,2493
3375.8982,2494
3369.8408,2495
3363.7932,2496
3357.756,2497
3351.7295,2498
3345.7178,2499
3339.7156,2500
3333.7295,2501
3327.7512,2502
3321.789,2503
3315.8372,2504
3309.8948,2505
3303.9685,2506
3298.0527,2507
3292.1467,2508
3286.251,2509
3280.3728,2510
3274.5042,2511
3268.6462,2512
3262.7976,2513
3256.9656,2514
3251.1443,2515
3245.3308,2516
3239.531,2517
3233.7458,2518
3227.967,2519
3222.2039,2520
3216.4465,2521
3210.707,2522
3204.9792,2523
3199.2598,2524
3193.5515,2525
3187.8564,2526
3182.1755,2527
3176.4983,2528
3170.8386,2529
3165.1846,2530
3159.5457,2531
3153.9143,2532
3148.3008,2533
3142.6953,2534
3137.0986,2535
3131.5176,2536
3125.944,2537
3120.3818,2538
3114.83,2539
3109.2917,2540
3103.7644,2541
3098.2458,2542
3092.7375,2543
3087.2441,2544
3081.763,2545
3076.2883,2546
3070.827,2547
3065.3728,2548
3059.9358,2549
3054.5051,2550
3049.0862,2551
3043.6768,2552
3038.28,2553
3032.8953,2554
3027.5176,2555
3022.154,2556
3016.7988,2557
3011.4548,2558
3006.1223,2559
3000.8,2560
2995.4915,2561
2990.1873,2562
2984.8972,2563
2979.6165,2564
2974.3499,2565
2969.092,2566
2963.842,2567
2958.6025,2568
2953.3777,2569
2948.162,2570
2942.956,2571
2937.7615,2572
2932.5732,2573
2927.3962,2574
2922.2334,2575
2917.0808,2576
2911.9348,2577
2906.8015,2578
2901.675,2579
2896.5642,2580
2891.4622,2581
2886.3691,2582
2881.2854,2583
2876.2156,2584
2871.1487,2585
2866.0974,2586
2861.0593,2587
2856.0266,2588
2851.005,2589
2845.9912,2590
2840.9866,2591
2835.9934,2592
2831.011,2593
2826.0393,2594
2821.0774,2595
2816.1248,2596
2811.1804,2597
2806.246,2598
2801.3235,2599
2796.4148,2600
2791.5098,2601
2786.6162,2602
2781.7334,2603
2776.8567,2604
2771.9941,2605
2767.1394,2606
2762.2966,2607
2757.461,2608
2752.6367,2609
2747.8193,2610
2743.011,2611
2738.211,2612
2733.4275,2613
2728.6506,2614
2723.8853,2615
2719.1282,2616
2714.3738,2617
2709.636,2618
2704.9045,2619
2700.1804,2620
2695.4749,2621
2690.7722,2622
2686.0793,2623
2681.3975,2624
2676.7234,2625
2672.0583,2626
2667.402,2627
2662.754,2628
2658.117,2629
2653.4915,2630
2648.8738,2631
2644.2637,2632
2639.6667,2633
2635.075,2634
2630.493,2635
2625.92,2636
2621.3577,2637
2616.798,2638
2612.2578,2639
2607.721,2640
2603.1953,2641
2598.677,2642
2594.1702,2643
2589.6697,2644
2585.1794,2645
2580.6956,2646
2576.2178,2647
2571.7546,2648
2567.3025,2649
2562.8572,2650
2558.4202,2651
2553.9934,2652
2549.5752,2653
2545.1628,2654
2540.76,2655
2536.3674,2656
2531.9807,2657
2527.6038,2658
2523.2356,2659
2518.8801,2660
2514.5305,2661
2510.1929,2662
2505.8608,2663
2501.5364,2664
2497.222,2665
2492.9187,2666
2488.6184,2667
2484.3306,2668
2480.0486,2669
2475.7717,2670
2471.5098,2671
2467.253,2672
2463.0068,2673
2458.7698,2674
2454.5408,2675
2450.3203,2676
2446.1077,2677
2441.9075,2678
2437.7095,2679
2433.5227,2680
2429.3455,2681
2425.1726,2682
2421.0098,2683
2416.8567,2684
2412.7065,2685
2408.5696,2686
2404.4392,2687
2400.3162,2688
2396.2014,2689
2392.0955,2690
2388.0022,2691
2383.9155,2692
2379.8367,2693
2375.7659,2694
2371.7024,2695
2367.6484,2696
2363.6018,2697
2359.562,2698
2355.533,2699
2351.5076,2700
2347.4934,2701
2343.4878,2702
2339.4863,2703
2335.494,2704
2331.511,2705
2327.5354,2706
2323.5652,2707
2319.6086,2708
2315.6562,2709
2311.7095,2710
2307.772,2711
2303.8406,2712
2299.9204,2713
2296.007,2714
2292.1023,2715
2288.2024,2716
2284.3135,2717
2280.4294,2718
2276.5532,2719
2272.6875,2720
2268.8289,2721
2264.9814,2722
2261.1423,2723
2257.3064,2724
2253.4802,2725
2249.6648,2726
2245.8528,2727
2242.048,2728
2238.253,2729
2234.466,2730
2230.6863,2731
2226.9128,2732
2223.1458,2733
2219.3894,2734
2215.6384,2735
2211.8965,2736
2208.1619,2737
2204.4324,2738
2200.7131,2739
2196.9998,2740
2193.2937,2741
2189.595,2742
2185.903,2743
2182.221,2744
2178.5447,2745
2174.875,2746
2171.217,2747
2167.5593,2748
2163.914,2749
2160.2725,2750
2156.6423,2751
2153.0183,2752
2149.3992,2753
2145.7878,2754
2142.1829,2755
2138.5806,2756
2134.9915,2757
2131.4062,2758
2127.8276,2759
2124.2583,2760
2120.6943,2761
2117.137,2762
2113.5916,2763
2110.047,2764
2106.5142,2765
2102.987,2766
2099.4656,2767
2095.9531,2768
2092.4465,2769
2088.9463,2770
2085.4565,2771
2081.9722,2772
2078.493,2773
2075.0215,2774
2071.5588,2775
2068.1023,2776
2064.653,2777
2061.2085,2778
2057.7761,2779
2054.3486,2780
2050.9248,2781
2047.5101,2782
2044.1035,2783
2040.7031,2784
2037.309,2785
2033.9218,2786
2030.5397,2787
2027.1641,2788
2023.7924,2789
2020.4313,2790
2017.0765,2791
2013.7274,2792
2010.3849,2793
2007.0498,2794
2003.723,2795
2000.4014,2796
1997.085,2797
1993.7783,2798
1990.4767,2799
1987.1827,2800
1983.8969,2801
1980.6167,2802
1977.3423,2803
1974.0741,2804
1970.8107,2805
1967.5541,2806
1964.305,2807
1961.0605,2808
1957.8242,2809
1954.5953,2810
1951.3693,2811
1948.1519,2812
1944.9419,2813
1941.7391,2814
1938.542,2815
1935.3522,2816
1932.168,2817
1928.9917,2818
1925.8198,2819
1922.6512,2820
1919.4917,2821
1916.3363,2822
1913.1909,2823
1910.0468,2824
1906.9136,2825
1903.7852,2826
1900.6636,2827
1897.5504,2828
1894.4418,2829
1891.3389,2830
1888.2407,2831
1885.1484,2832
1882.0631,2833
1878.9829,2834
1875.911,2835
1872.8444,2836
1869.786,2837
1866.7324,2838
1863.6841,2839
1860.6421,2840
1857.6044,2841
1854.5757,2842
1851.5508,2843
1848.5317,2844
1845.5189,2845
1842.5135,2846
1839.5145,2847
1836.5211,2848
1833.5342,2849
1830.5529,2850
1827.576,2851
1824.6056,2852
1821.6392,2853
1818.6805,2854
1815.7296,2855
1812.7821,2856
1809.8431,2857
1806.9093,2858
1803.9819,2859
1801.0573,2860
1798.1392,2861
1795.2257,2862
1792.32,2863
1789.4218,2864
1786.5294,2865
1783.6407,2866
1780.7604,2867
1777.8839,2868
1775.0117,2869
1772.1475,2870
1769.2867,2871
1766.4331,2872
1763.5844,2873
1760.7438,2874
1757.9093,2875
1755.0795,2876
1752.2524,2877
1749.4323,2878
1746.6161,2879
1743.81,2880
1741.0055,2881
1738.2094,2882
1735.4178,2883
1732.6315,2884
1729.8495,2885
1727.0747,2886
1724.3048,2887
1721.5416,2888
1718.7827,2889
1716.0321,2890
1713.2831,2891
1710.539,2892
1707.8022,2893
1705.0708,2894
1702.3461,2895
1699.6254,2896
1696.9125,2897
1694.202,2898
1691.4976,2899
1688.7979,2900
1686.1049,2901
1683.417,2902
1680.7354,2903
1678.0594,2904
1675.3868,2905
1672.7198,2906
1670.0596,2907
1667.4034,2908
1664.7523,2909
1662.1073,2910
1659.4683,2911
1656.8314,2912
1654.2028,2913
1651.5782,2914
1648.9598,2915
1646.3466,2916
1643.7388,2917
1641.1361,2918
1638.538,2919
1635.9442,2920
1633.3564,2921
1630.7745,2922
1628.1982,2923
1625.6259,2924
1623.0575,2925
1620.4952,2926
1617.94,2927
1615.3888,2928
1612.8413,2929
1610.2993,2930
1607.7606,2931
1605.2301,2932
1602.7036,2933
1600.1831,2934
1597.6641,2935
1595.1538,2936
1592.6465,2937
1590.146,2938
1587.651,2939
1585.1602,2940
1582.6727,2941
1580.1906,2942
1577.7137,2943
1575.2432,2944
1572.7784,2945
1570.3151,2946
1567.8578,2947
1565.4058,2948
1562.9604,2949
1560.5189,2950
1558.0796,2951
1555.6473,2952
1553.2191,2953
1550.7972,2954
1548.3807,2955
1545.9662,2956
1543.5552,2957
1541.1523,2958
1538.7521,2959
1536.3618,2960
1533.9697,2961
1531.5851,2962
1529.2057,2963
1526.8306,2964
1524.4615,2965
1522.0952,2966
1519.7333,2967
1517.376,2968
1515.0254,2969
1512.6808,2970
1510.336,2971
1507.9985,2972
1505.6666,2973
1503.3387,2974
1501.0184,2975
1498.6958,2976
1496.3823,2977
1494.0719,2978
1491.7686,2979
1489.4692,2980
1487.1735,2981
1484.8817,2982
1482.5968,2983
1480.3146,2984
1478.036,2985
1475.7628,2986
1473.4937,2987
1471.231,2988
1468.973,2989
1466.7174,2990
1464.4658,2991
1462.2207,2992
1459.9803,2993
1457.7423,2994
1455.5087,2995
1453.2809,2996
1451.0585,2997
1448.8408,2998
1446.6254,2999
1444.415,3000
1442.2081,3001
1440.0079,3002
1437.811,3003
1435.6173,3004
1433.4287,3005
1431.2467,3006
1429.0663,3007
1426.8903,3008
1424.7186,3009
1422.5536,3010
1420.3936,3011
1418.2335,3012
1416.0801,3013
1413.9318,3014
1411.788,3015
1409.6465,3016
1407.5078,3017
1405.3798,3018
1403.251,3019
1401.1235,3020
1399.0063,3021
1396.892,3022
1394.7816,3023
1392.6742,3024
1390.5698,3025
1388.4722,3026
1386.3802,3027
1384.2882,3028
1382.2041,3029
1380.1222,3030
1378.046,3031
1375.9716,3032
1373.9012,3033
1371.8374,3034
1369.7762,3035
1367.7194,3036
1365.6664,3037
1363.6178,3038
1361.575,3039
1359.534,3040
1357.4977,3041
1355.4657,3042
1353.4364,3043
1351.4104,3044
1349.3907,3045
1347.3744,3046
1345.3608,3047
1343.3524,3048
1341.3492,3049
1339.3485,3050
1337.3519,3051
1335.3605,3052
1333.3717,3053
1331.3885,3054
1329.4067,3055
1327.4319,3056
1325.4603,3057
1323.4896,3058
1321.5254,3059
1319.5636,3060
1317.608,3061
1315.6556,3062
1313.705,3063
1311.7605,3064
1309.8169,3065
1307.8802,3066
1305.9458,3067
1304.0156,3068
1302.0908,3069
1300.1669,3070
1298.2496,3071
1296.3364,3072
1294.4252,3073
1292.5189,3074
1290.617,3075
1288.7168,3076
1286.8207,3077
1284.9308,3078
1283.0433,3079
1281.158,3080
1279.2775,3081
1277.4025,3082
1275.5292,3083
1273.6592,3084
1271.7941,3085
1269.9319,3086
1268.0737,3087
1266.219,3088
1264.37,3089
1262.5236,3090
1260.6791,3091
1258.8403,3092
1257.0032,3093
1255.1715,3094
1253.3438,3095
1251.5162,3096
1249.6956,3097
1247.8773,3098
1246.0646,3099
1244.2544,3100
1242.446,3101
1240.6458,3102
1238.8441,3103
1237.0487,3104
1235.2557,3105
1233.4647,3106
1231.6802,3107
1229.8994,3108
1228.1217,3109
1226.3475,3110
1224.5753,3111
1222.8096,3112
1221.0443,3113
1219.2844,3114
1217.526,3115
1215.7745,3116
1214.0234,3117
1212.2767,3118
1210.533,3119
1208.7931,3120
1207.0586,3121
1205.3239,3122
1203.593,3123
1201.869,3124
1200.1451,3125
1198.4271,3126
1196.7123,3127
1195.0013,3128
1193.2919,3129
1191.5857,3130
1189.8859,3131
1188.1869,3132
1186.4917,3133
1184.8019,3134
1183.1125,3135
1181.4277,3136
1179.7474,3137
1178.0685,3138
1176.3937,3139
1174.7249,3140
1173.0542,3141
1171.3909,3142
1169.7272,3143
1168.0702,3144
1166.4152,3145
1164.7645,3146
1163.1147,3147
1161.4703,3148
1159.8302,3149
1158.1904,3150
1156.5557,3151
1154.925,3152
1153.2955,3153
1151.6709,3154
1150.0492,3155
1148.4299,3156
1146.8136,3157
1145.2037,3158
1143.5923,3159
1141.9873,3160
1140.3827,3161
1138.7834,3162
1137.1866,3163
1135.5922,3164
1134.0009,3165
1132.415,3166
1130.8302,3167
1129.2489,3168
1127.672,3169
1126.0972,3170
1124.5258,3171
1122.9591,3172
1121.3925,3173
1119.8309,3174
1118.2723,3175
1116.7157,3176
1115.1638,3177
1113.6156,3178
1112.0685,3179
1110.5256,3180
1108.9838,3181
1107.4465,3182
1105.9127,3183
1104.3821,3184
1102.8542,3185
1101.3296,3186
1099.8054,3187
1098.2875,3188
1096.7728,3189
1095.2595,3190
1093.7488,3191
1092.2413,3192
1090.7374,3193
1089.2378,3194
1087.7386,3195
1086.2439,3196
1084.7516,3197
1083.2628,3198
1081.7767,3199
1080.2941,3200
1078.8147,3201
1077.3379,3202
1075.8632,3203
1074.3915,3204
1072.9242,3205
1071.4572,3206
1069.9946,3207
1068.5375,3208
1067.0792,3209
1065.626,3210
1064.1748,3211
1062.7267,3212
1061.283,3213
1059.8391,3214
1058.4005,3215
1056.962,3216
1055.5303,3217
1054.0992,3218
1052.6722,3219
1051.2465,3220
1049.8251,3221
1048.4058,3222
1046.9897,3223
1045.5734,3224
1044.1628,3225
1042.7557,3226
1041.3501,3227
1039.9474,3228
1038.5486,3229
1037.1523,3230
1035.7574,3231
1034.366,3232
1032.9772,3233
1031.5923,3234
1030.2083,3235
1028.8287,3236
1027.4492,3237
1026.0765,3238
1024.705,3239
1023.3342,3240
1021.96735,3241
1020.6032,3242
1019.2427,3243
1017.8845,3244
1016.52716,3245
1015.1743,3246
1013.8222,3247
1012.47565,3248
1011.1318,3249
1009.78827,3250
1008.44965,3251
1007.1106,3252
1005.77704,3253
1004.44574,3254
1003.11676,3255
1001.7905,3256
1000.46564,3257
999.14435,3258
997.82733,3259
996.5113,3260
995.1977,3261
993.88605,3262
992.57837,3263
991.2739,3264
989.96967,3265
988.6714,3266
987.3723,3267
986.07745,3268
984.7849,3269
983.497,3270
982.2087,3271
980.9233,3272
979.64264,3273
978.3616,3274
977.0844,3275
975.8108,3276
974.53925,3277
973.2691,3278
972.00146,3279
970.7373,3280
969.47614,3281
968.21735,3282
966.9609,3283
965.7049,3284
964.4536,3285
963.2032,3286
961.9561,3287
960.7128,3288
959.47144,3289
958.23145,3290
956.9947,3291
955.7609,3292
954.5261,3293
953.2963,3294
952.071,3295
950.8453,3296
949.62354,3297
948.403,3298
947.1863,3299
945.97064,3300
944.757,3301
943.5493,3302
942.3406,3303
941.1351,3304
939.93164,3305
938.7315,3306
937.5307,3307
936.33624,3308
935.1447,3309
933.95135,3310
932.7649,3311
931.5776,3312
930.3941,3313
929.21173,3314
928.0312,3315
926.8564,3316
925.68243,3317
924.5112,3318
923.3399,3319
922.1719,3320
921.00726,3321
919.84393,3322
918.6838,3323
917.52466,3324
916.3702,3325
915.21606,3326
914.06647,3327
912.91644,3328
911.77026,3329
910.6246,3330
909.4831,3331
908.34186,3332
907.2039,3333
906.0701,3334
904.9367,3335
903.80646,3336
902.6788,3337
901.5503,3338
900.42645,3339
899.3044,3340
898.1848,3341
897.0681,3342
895.9516,3343
894.8393,3344
893.72925,3345
892.6193,3346
891.514,3347
890.4097,3348
889.30853,3349
888.2083,3350
887.1111,3351
886.0142,3352
884.9202,3353
883.8293,3354
882.74054,3355
881.6529,3356
880.5688,3357
879.4866,3358
878.40546,3359
877.3281,3360
876.2517,3361
875.1795,3362
874.108,3363
873.03766,3364
871.9704,3365
870.90485,3366
869.8409,3367
868.77954,3368
867.7197,3369
866.66364,3370
865.60895,3371
864.55695,3372
863.50714,3373
862.45874,3374
861.4114,3375
860.3681,3376
859.32623,3377
858.2858,3378
857.2478,3379
856.21173,3380
855.1779,3381
854.1452,3382
853.11615,3383
852.0872,3384
851.0615,3385
850.03864,3386
849.0162,3387
847.99567,3388
846.97797,3389
845.9616,3390
844.94806,3391
843.93756,3392
842.926,3393
841.92084,3394
840.9153,3395
839.9124,3396
838.90985,3397
837.9121,3398
836.9135,3399
835.918,3400
834.9241,3401
833.9327,3402
832.94415,3403
831.95605,3404
830.9704,3405
829.9869,3406
829.0047,3407
828.0246,3408
827.0467,3409
826.07135,3410
825.0969,3411
824.12396,3412
823.15454,3413
822.1861,3414
821.21893,3415
820.2548,3416
819.29144,3417
818.3317,3418
817.3723,3419
816.41486,3420
815.46014,3421
814.50775,3422
813.55597,3423
812.6066,3424
811.6599,3425
810.71344,3426
809.7703,3427
808.82806,3428
807.888,3429
806.9494,3430
806.01373,3431
805.0793,3432
804.14606,3433
803.21674,3434
802.2868,3435
801.3606,3436
800.43463,3437
799.5115,3438
798.59,3439
797.67065,3440
796.7518,3441
795.8369,3442
794.9222,3443
794.0113,3444
793.1003,3445
792.19116,3446
791.2837,3447
790.3792,3448
789.476,3449
788.57574,3450
787.6755,3451
786.77783,3452
785.8814,3453
784.98846,3454
784.0955,3455
783.2043,3456
782.3166,3457
781.42896,3458
780.5424,3459
779.66046,3460
778.77856,3461
777.8996,3462
777.02094,3463
776.14496,3464
775.27057,3465
774.398,3466
773.5264,3467
772.6574,3468
771.79,3469
770.9243,3470
770.0603,3471
769.1975,3472
768.33514,3473
767.4756,3474
766.6181,3475
765.7617,3476
764.90753,3477
764.05493,3478
763.20435,3479
762.3542,3480
761.5076,3481
760.6622,3482
759.81793,3483
758.9758,3484
758.1362,3485
757.29736,3486
756.4604,3487
755.62524,3488
754.79144,3489
753.9587,3490
753.1291,3491
752.3006,3492
751.47314,3493
750.64624,3494
749.8217,3495
748.99945,3496
748.17755,3497
747.3601,3498
746.5417,3499
745.7258,3500
744.91113,3501
744.10004,3502
743.2879,3503
742.4802,3504
741.6718,3505
740.8657,3506
740.06177,3507
739.25885,3508
738.4567,3509
737.65717,3510
736.8581,3511
736.0607,3512
735.2673,3513
734.4731,3514
733.68097,3515
732.89056,3516
732.10297,3517
731.315,3518
730.53107,3519
729.7469,3520
728.9644,3521
728.18335,3522
727.4031,3523
726.62555,3524
725.84796,3525
725.0744,3526
724.30084,3527
723.52997,3528
722.7601,3529
721.99176,3530
721.2254,3531
720.45874,3532
719.69556,3533
718.9324,3534
718.17145,3535
717.4119,3536
716.65497,3537
715.89764,3538
715.1431,3539
714.3891,3540
713.63654,3541
712.88715,3542
712.13605,3543
711.38995,3544
710.64355,3545
709.8995,3546
709.15674,3547
708.415,3548
707.6762,3549
706.9356,3550
706.1984,3551
705.462,3552
704.72894,3553
703.99493,3554
703.2641,3555
702.53424,3556
701.8059,3557
701.0793,3558
700.35333,3559
699.62915,3560
698.9072,3561
698.1855,3562
697.465,3563
696.74774,3564
696.03094,3565
695.31573,3566
694.60114,3567
693.8885,3568
693.17847,3569
692.46655,3570
691.7598,3571
691.05206,3572
690.34735,3573
689.64307,3574
688.9392,3575
688.2381,3576
687.5371,3577
686.8394,3578
686.14154,3579
685.44775,3580
684.7529,3581
684.0586,3582
683.36774,3583
682.6762,3584
681.9877,3585
681.2987,3586
680.61554,3587
679.93036,3588
679.2452,3589
678.5626,3590
677.8818,3591
677.2033,3592
676.5247,3593
675.8483,3594
675.17365,3595
674.4992,3596
673.8251,3597
673.153,3598
672.4847,3599
671.8149,3600
671.14874,3601
670.48267,3602
669.8172,3603
669.15546,3604
668.4924,3605
667.8311,3606
667.1721,3607
666.5147,3608
665.85785,3609
665.2023,3610
664.54895,3611
663.89484,3612
663.244,3613
662.5933,3614
661.9444,3615
661.297,3616
660.6491,3617
660.00446,3618
659.3608,3619
658.7177,3620
658.0762,3621
657.4357,3622
656.7972,3623
656.1606,3624
655.52435,3625
654.88983,3626
654.25385,3627
653.6219,3628
652.99176,3629
652.36224,3630
651.73224,3631
651.1046,3632
650.4781,3633
649.85297,3634
649.2309,3635
648.60736,3636
647.98615,3637
647.3659,3638
646.7463,3639
646.12946,3640
645.5124,3641
644.8975,3642
644.2833,3643
643.67004,3644
643.05865,3645
642.4484,3646
641.84015,3647
641.2327,3648
640.62476,3649
640.02,3650
639.4163,3651
638.8136,3652
638.212,3653
637.61035,3654
637.0115,3655
636.41345,3656
635.8166,3657
635.2212,3658
634.6264,3659
634.0319,3660
633.4406,3661
632.8493,3662
632.2597,3663
631.6712,3664
631.0836,3665
630.49677,3666
629.911,3667
629.32855,3668
628.74365,3669
628.1623,3670
627.58136,3671
627.00134,3672
626.4228,3673
625.846,3674
625.2702,3675
624.6944,3676
624.11993,3677
623.54767,3678
622.9764,3679
622.40643,3680
621.83734,3681
621.26886,3682
620.7011,3683
620.13556,3684
619.5716,3685
619.0083,3686
618.4449,3687
617.88385,3688
617.3231,3689
616.76337,3690
616.2058,3691
615.64844,3692
615.0932,3693
614.53827,3694
613.9841,3695
613.4322,3696
612.88055,3697
612.3305,3698
611.7818,3699
611.23224,3700
610.68585,3701
610.1397,3702
609.594,3703
609.0507,3704
608.50885,3705
607.9671,3706
607.4262,3707
606.8866,3708
606.348,3709
605.8106,3710
605.2737,3711
604.73804,3712
604.20435,3713
603.6711,3714
603.13934,3715
602.608,3716
602.07745,3717
601.5491,3718
601.0208,3719
600.49365,3720
599.96765,3721
599.44366,3722
598.9196,3723
598.39624,3724
597.8749,3725
597.35504,3726
596.83496,3727
596.3158,3728
595.7983,3729
595.2823,3730
594.76733,3731
594.25146,3732
593.7388,3733
593.22626,3734
592.7145,3735
592.20447,3736
591.694,3737
591.18665,3738
590.6792,3739
590.17303,3740
589.668,3741
589.16425,3742
588.6595,3743
588.1584,3744
587.6568,3745
587.15607,3746
586.6562,3747
586.1578,3748
585.6611,3749
585.16473,3750
584.6681,3751
584.1747,3752
583.6822,3753
583.1891,3754
582.6977,3755
582.20703,3756
581.71704,3757
581.2286,3758
580.74,3759
580.2541,3760
579.7688,3761
579.284,3762
578.8003,3763
578.31866,3764
577.8355,3765
577.3554,3766
576.8762,3767
576.39545,3768
575.9178,3769
575.4411,3770
574.96387,3771
574.4888,3772
574.0145,3773
573.5421,3774
573.06995,3775
572.5975,3776
572.1285,3777
571.6586,3778
571.1891,3779
570.7222,3780
570.2562,3781
569.7893,3782
569.3248,3783
568.8607,3784
568.39655,3785
567.935,3786
567.47375,3787
567.013,3788
566.55316,3789
566.0936,3790
565.6381,3791
565.18115,3792
564.72504,3793
564.2713,3794
563.81696,3795
563.3636,3796
562.91187,3797
562.4602,3798
562.00964,3799
561.56116,3800
561.1121,3801
560.6639,3802
560.21704,3803
559.7715,3804
559.3262,3805
558.8818,3806
558.43854,3807
557.99554,3808
557.5541,3809
557.113,3810
556.674,3811
556.23444,3812
555.79645,3813
555.3589,3814
554.92303,3815
554.48773,3816
554.0517,3817
553.6187,3818
553.1861,3819
552.75287,3820
552.3224,3821
551.8913,3822
551.4626,3823
551.03357,3824
550.60706,3825
550.1801,3826
549.75397,3827
549.3287,3828
548.904,3829
548.48114,3830
548.05817,3831
547.637,3832
547.2159,3833
546.79535,3834
546.377,3835
545.9581,3836
545.54095,3837
545.1248,3838
544.70856,3839
544.29407,3840
543.87915,3841
543.46545,3842
543.0526,3843
542.642,3844
542.23096,3845
541.8203,3846
541.41046,3847
541.0024,3848
540.59485,3849
540.1867,3850
539.78046,3851
539.37506,3852
538.9692,3853
538.56573,3854
538.16266,3855
537.7601,3856
537.35944,3857
536.9582,3858
536.55756,3859
536.1591,3860
535.7606,3861
535.362,3862
534.96655,3863
534.57056,3864
534.1745,3865
533.7806,3866
533.3869,3867
532.9938,3868
532.6016,3869
532.21027,3870
531.8198,3871
531.4302,3872
531.042,3873
530.6533,3874
530.2662,3875
529.8797,3876
529.49316,3877
529.10895,3878
528.7243,3879
528.3409,3880
527.95795,3881
527.5762,3882
527.1955,3883
526.81476,3884
526.43414,3885
526.0545,3886
525.6767,3887
525.29913,3888
524.9222,3889
524.5455,3890
524.17096,3891
523.7966,3892
523.4222,3893
523.04926,3894
522.67664,3895
522.3053,3896
521.93463,3897
521.56494,3898
521.1945,3899
520.8271,3900
520.4594,3901
520.0917,3902
519.7245,3903
519.3593,3904
518.9941,3905
518.62946,3906
518.2659,3907
517.9028,3908
517.5397,3909
517.17926,3910
516.81885,3911
516.4583,3912
516.0993,3913
515.7412,3914
515.38336,3915
515.0249,3916
514.6692,3917
514.3127,3918
513.95776,3919
513.60406,3920
513.2504,3921
512.8962,3922
512.54474,3923
512.19366,3924
511.84164,3925
511.4918,3926
511.14352,3927
510.79385,3928
510.4452,3929
510.09824,3930
509.7513,3931
509.40494,3932
509.05957,3933
508.71487,3934
508.37137,3935
508.0277,3936
507.68564,3937
507.34366,3938
507.0013,3939
506.66104,3940
506.3207,3941
505.9817,3942
505.6433,3943
505.30484,3944
504.96768,3945
504.63156,3946
504.29532,3947
503.9607,3948
503.62485,3949
503.29153,3950
502.95877,3951
502.62576,3952
502.2932,3953
501.96213,3954
501.63187,3955
501.30148,3956
500.97293,3957
500.64407,3958
500.31503,3959
499.98874,3960
499.6615,3961
499.3347,3962
499.0096,3963
498.68546,3964
498.36057,3965
498.03696,3966
497.714,3967
497.39127,3968
497.06943,3969
496.74954,3970
496.42896,3971
496.1084,3972
495.78992,3973
495.4716,3974
495.1544,3975
494.83597,3976
494.5201,3977
494.20386,3978
493.8882,3979
493.5743,3980
493.25937,3981
492.94662,3982
492.63345,3983
492.3215,3984
492.0106,3985
491.69888,3986
491.3889,3987
491.07956,3988
490.7694,3989
490.4607,3990
490.15366,3991
489.8464,3992
489.53873,3993
489.234,3994
488.9282,3995
488.62305,3996
488.3182,3997
488.01453,3998
487.71158,3999
487.4083,4000
487.10776,4001
486.80594,4002
486.5051,4003
486.20517,4004
485.9054,4005
485.60654,4006
485.30862,4007
485.01062,4008
484.71426,4009
484.41748,4010
484.12173,4011
483.82654,4012
483.53055,4013
483.23654,4014
482.943,4015
482.64993,4016
482.35696,4017
482.06473,4018
481.77414,4019
481.48343,4020
481.1925,4021
480.90292,4022
480.61453,4023
480.32547,4024
480.03735,4025
479.7504,4026
479.46414,4027
479.17773,4028
478.8922,4029
478.60745,4030
478.32227,4031
478.03854,4032
477.75485,4033
477.47217,4034
477.19006,4035
476.90808,4036
476.62674,4037
476.3467,4038
476.06653,4039
475.7872,4040
475.50784,4041
475.2295,4042
474.95105,4043
474.6741,4044
474.39713,4045
474.12097,4046
473.84537,4047
473.57077,4048
473.29575,4049
473.0221,4050
472.74817,4051
472.47604,4052
472.20407,4053
471.9313,4054
471.65952,4055
471.38937,4056
471.1194,4057
470.84897,4058
470.57907,4059
470.31143,4060
470.04272,4061
469.7744,4062
469.50772,4063
469.2417,4064
468.97586,4065
468.70993,4066
468.4456,4067
468.1815,4068
467.91647,4069
467.65305,4070
467.39053,4071
467.1282,4072
466.86658,4073
466.6045,4074
466.34366,4075
466.08365,4076
465.82312,4077
465.56482,4078
465.3057,4079
465.04764,4080
464.7891,4081
464.53207,4082
464.27615,4083
464.01974,4084
463.7634,4085
463.5092,4086
463.25467,4087
463.00064,4088
462.7462,4089
462.49265,4090
462.24033,4091
461.98816,4092
461.73587,4093
461.4851,4094
461.23438,4095
460.98477,4096
460.73386,4097
460.4851,4098
460.23648,4099
459.98788,4100
459.7396,4101
459.4929,4102
459.24643,4103
458.99924,4104
458.75305,4105
458.5076,4106
458.2627,4107
458.01828,4108
457.7744,4109
457.53128,4110
457.28787,4111
457.04465,4112
456.804,4113
456.56235,4114
456.32166,4115
456.08066,4116
455.84067,4117
455.60193,4118
455.36255,4119
455.1238,4120
454.88608,4121
454.6481,4122
454.41068,4123
454.1744,4124
453.93774,4125
453.7019,4126
453.46652,4127
453.2316,4128
452.99747,4129
452.7644,4130
452.53055,4131
452.29672,4132
452.06458,4133
451.83347,4134
451.60056,4135
451.37012,4136
451.13904,4137
450.90854,4138
450.67795,4139
450.44876,4140
450.2189,4141
449.99094,4142
449.76328,4143
449.53506,4144
449.30762,4145
449.08096,4146
448.85522,4147
448.62854,4148
448.40378,4149
448.1783,4150
447.9541,4151
447.72913,4152
447.50558,4153
447.2828,4154
447.06042,4155
446.8379,4156
446.61502,4157
446.39426,4158
446.17395,4159
445.95352,4160
445.73196,4161
445.5131,4162
445.29398,4163
445.07483,4164
444.85583,4165
444.639,4166
444.42117,4167
444.20383,4168
443.98654,4169
443.77005,4170
443.55533,4171
443.33948,4172
443.12442,4173
442.90918,4174
442.69565,4175
442.48178,4176
442.2684,4177
442.05435,4178
441.84262,4179
441.6311,4180
441.4188,4181
441.20764,4182
440.99734,4183
440.78687,4184
440.57675,4185
440.36673,4186
440.15854,4187
439.94955,4188
439.74182,4189
439.53357,4190
439.3258,4191
439.11844,4192
438.91235,4193
438.7058,4194
438.49927,4195
438.29465,4196
438.0891,4197
437.88452,4198
437.68015,4199
437.47684,4200
437.27255,4201
437.06973,4202
436.8672,4203
436.66458,4204
436.46304,4205
436.26196,4206
436.06003,4207
435.85864,4208
435.6588,4209
435.4597,4210
435.2604,4211
435.06067,4212
434.8624,4213
434.6638,4214
434.46658,4215
434.2679,4216
434.07126,4217
433.8746,4218
433.67838,4219
433.48154,4220
433.28543,4221
433.0911,4222
432.89682,4223
432.70212,4224
432.5073,4225
432.31357,4226
432.12015,4227
431.92712,4228
431.73438,4229
431.543,4230
431.35107,4231
431.16068,4232
430.96826,4233
430.77774,4234
430.5874,4235
430.3973,4236
430.20816,4237
430.01907,4238
429.8298,4239
429.64145,4240
429.4539,4241
429.26596,4242
429.07846,4243
428.8922,4244
428.7056,4245
428.5186,4246
428.3328,4247
428.14792,4248
427.96277,4249
427.77808,4250
427.59363,4251
427.4093,4252
427.2262,4253
427.04276,4254
426.8601,4255
426.67697,4256
426.49423,4257
426.3126,4258
426.13184,4259
425.95068,4260
425.76938,4261
425.58875,4262
425.4081,4263
425.22852,4264
425.04886,4265
424.8706,4266
424.6921,4267
424.5139,4268
424.33572,4269
424.1578,4270
423.9801,4271
423.80362,4272
423.6267,4273
423.45068,4274
423.27444,4275
423.09854,4276
422.92355,4277
422.7485,4278
422.57425,4279
422.39975,4280
422.22623,4281
422.0532,4282
421.87973,4283
421.70718,4284
421.5341,4285
421.36206,4286
421.19022,4287
421.0189,4288
420.84717,4289
420.67587,4290
420.5062,4291
420.33597,4292
420.16537,4293
419.9967,4294
419.82703,4295
419.65872,4296
419.4905,4297
419.3229,4298
419.15427,4299
418.98752,4300
418.8201,4301
418.65247,4302
418.48587,4303
418.31985,4304
418.1544,4305
417.98795,4306
417.8237,4307
417.65857,4308
417.4934,4309
417.32944,4310
417.16568,4311
417.0022,4312
416.83896,4313
416.67578,4314
416.51266,4315
416.35034,4316
416.18848,4317
416.0258,4318
415.86548,4319
415.70462,4320
415.5439,4321
415.38333,4322
415.22342,4323
415.0634,4324
414.90384,4325
414.74512,4326
414.58594,4327
414.4274,4328
414.26956,4329
414.1122,4330
413.9547,4331
413.79666,4332
413.63974,4333
413.48264,4334
413.32706,4335
413.17117,4336
413.0149,4337
412.85916,4338
412.70386,4339
412.5497,4340
412.39474,4341
412.24045,4342
412.08646,4343
411.93314,4344
411.77975,4345
411.62698,4346
411.47446,4347
411.32166,4348
411.17007,4349
411.0179,4350
410.8663,4351
410.71472,4352
410.5638,4353
410.41318,4354
410.26315,4355
410.11252,4356
409.9631,4357
409.81314,4358
409.66382,4359
409.51514,4360
409.36728,4361
409.21814,4362
409.07053,4363
408.92294,4364
408.77573,4365
408.62814,4366
408.4813,4367
408.3347,4368
408.18835,4369
408.04285,4370
407.8966,4371
407.75125,4372
407.60666,4373
407.46094,4374
407.31668,4375
407.1726,4376
407.02866,4377
406.88464,4378
406.741,4379
406.59766,4380
406.45523,4381
406.3123,4382
406.16995,4383
406.027,4384
405.88586,4385
405.74496,4386
405.60342,4387
405.46225,4388
405.321,4389
405.1816,4390
405.04102,4391
404.90054,4392
404.76196,4393
404.62222,4394
404.48352,4395
404.34482,4396
404.20657,4397
404.06772,4398
403.92996,4399
403.79257,4400
403.655,4401
403.51767,4402
403.38046,4403
403.24426,4404
403.10745,4405
402.97202,4406
402.83566,4407
402.70068,4408
402.56528,4409
402.42947,4410
402.29507,4411
402.16092,4412
402.02652,4413
401.89294,4414
401.75858,4415
401.6256,4416
401.49228,4417
401.35974,4418
401.22653,4419
401.09464,4420
400.96176,4421
400.83057,4422
400.69846,4423
400.56668,4424
400.4362,4425
400.3049,4426
400.17502,4427
400.04443,4428
399.91428,4429
399.78403,4430
399.6547,4431
399.52493,4432
399.39627,4433
399.26746,4434
399.13876,4435
399.01038,4436
398.88196,4437
398.75436,4438
398.62708,4439
398.4998,4440
398.37234,4441
398.24573,4442
398.1191,4443
397.99255,4444
397.86722,4445
397.74167,4446
397.61514,4447
397.49014,4448
397.36496,4449
397.23972,4450
397.11594,4451
396.9906,4452
396.86694,4453
396.74268,4454
396.6191,4455
396.49594,4456
396.37277,4457
396.24942,4458
396.12656,4459
396.0051,4460
395.8818,4461
395.76038,4462
395.63907,4463
395.5168,4464
395.39566,4465
395.27487,4466
395.15475,4467
395.03348,4468
394.9133,4469
394.79306,4470
394.67346,4471
394.55405,4472
394.4348,4473
394.31567,4474
394.19614,4475
394.07767,4476
393.95938,4477
393.84143,4478
393.7231,4479
393.6052,4480
393.48755,4481
393.3704,4482
393.25314,4483
393.13635,4484
393.02002,4485
392.9037,4486
392.7872,4487
392.67065,4488
392.55505,4489
392.43973,4490
392.3247,4491
392.20923,4492
392.0942,4493
391.98038,4494
391.86508,4495
391.75156,4496
391.63785,4497
391.52457,4498
391.41043,4499
391.29776,4500
391.18433,4501
391.07166,4502
390.95883,4503
390.84647,4504
390.73422,4505
390.62253,4506
390.51114,4507
390.39905,4508
390.28793,4509
390.17688,4510
390.06567,4511
389.95523,4512
389.84488,4513
389.73495,4514
389.6248,4515
389.5148,4516
389.40494,4517
389.29538,4518
389.18655,4519
389.07773,4520
388.96915,4521
388.86035,4522
388.75156,4523
388.6442,4524
388.53598,4525
388.4279,4526
388.32095,4527
388.21326,4528
388.10593,4529
387.99988,4530
387.89328,4531
387.78662,4532
387.6804,4533
387.57376,4534
387.4679,4535
387.3633,4536
387.25723,4537
387.152,4538
387.04697,4539
386.9419,4540
386.83737,4541
386.7333,4542
386.62903,4543
386.52493,4544
386.42123,4545
386.3173,4546
386.21396,4547
386.1108,4548
386.00903,4549
385.90576,4550
385.80338,4551
385.70053,4552
385.59787,4553
385.49606,4554
385.39523,4555
385.29324,4556
385.19174,4557
385.09055,4558
384.98972,4559
384.88855,4560
384.78848,4561
384.68796,4562
384.58762,4563
384.4878,4564
384.3877,4565
384.28824,4566
384.18912,4567
384.09036,4568
383.99106,4569
383.89224,4570
383.79333,4571
383.69498,4572
383.59653,4573
383.49817,4574
383.40063,4575
383.30283,4576
383.20578,4577
383.1071,4578
383.011,4579
382.9138,4580
382.8174,4581
382.72107,4582
382.6243,4583
382.5283,4584
382.43213,4585
382.33643,4586
382.24057,4587
382.14493,4588
382.05026,4589
381.95438,4590
381.8597,4591
381.76498,4592
381.67044,4593
381.57626,4594
381.48242,4595
381.38828,4596
381.29398,4597
381.2006,4598
381.1071,4599
381.01456,4600
380.9213,4601
380.82785,4602
380.73495,4603
380.64352,4604
380.55127,4605
380.45886,4606
380.36768,4607
380.27505,4608
380.18298,4609
380.09152,4610
380.0006,4611
379.90988,4612
379.81885,4613
379.7279,4614
379.63742,4615
379.54715,4616
379.457,4617
379.36612,4618
379.27686,4619
379.18713,4620
379.09787,4621
379.0076,4622
378.91846,4623
378.83047,4624
378.74118,4625
378.65295,4626
378.56406,4627
378.47546,4628
378.38818,4629
378.29953,4630
378.21146,4631
378.12357,4632
378.0372,4633
377.94983,4634
377.86234,4635
377.77493,4636
377.68835,4637
377.60233,4638
377.5159,4639
377.42917,4640
377.34317,4641
377.25687,4642
377.17154,4643
377.08557,4644
377.0005,4645
376.91492,4646
376.8298,4647
376.7452,4648
376.66043,4649
376.57535,4650
376.49063,4651
376.40613,4652
376.3219,4653
376.2389,4654
376.15518,4655
376.0708,4656
375.98743,4657
375.90372,4658
375.8208,4659
375.73795,4660
375.6553,4661
375.57217,4662
375.48965,4663
375.40784,4664
375.32544,4665
375.24374,4666
375.16165,4667
375.08005,4668
374.99783,4669
374.9169,4670
374.83566,4671
374.75418,4672
374.67355,4673
374.59305,4674
374.51245,4675
374.43106,4676
374.35104,4677
374.27112,4678
374.19144,4679
374.11105,4680
374.03223,4681
373.95206,4682
373.87268,4683
373.7933,4684
373.7148,4685
373.63565,4686
373.55637,4687
373.47818,4688
373.39926,4689
373.32095,4690
373.24255,4691
373.16516,4692
373.0875,4693
373.0096,4694
372.93228,4695
372.85547,4696
372.77707,4697
372.6991,4698
372.6229,4699
372.54672,4700
372.47012,4701
372.39395,4702
372.31693,4703
372.24033,4704
372.16434,4705
372.08817,4706
372.01224,4707
371.9366,4708
371.8616,4709
371.786,4710
371.71115,4711
371.63562,4712
371.56006,4713
371.48572,4714
371.41153,4715
371.33704,4716
371.2623,4717
371.1884,4718
371.11368,4719
371.04016,4720
370.9656,4721
370.8925,4722
370.8193,4723
370.74606,4724
370.67236,4725
370.59998,4726
370.52615,4727
370.4534,4728
370.38113,4729
370.30856,4730
370.23596,4731
370.16373,4732
370.0919,4733
370.01938,4734
369.94797,4735
369.87585,4736
369.80496,4737
369.7335,4738
369.66226,4739
369.59006,4740
369.5199,4741
369.4487,4742
369.37842,4743
369.30783,4744
369.23788,4745
369.16702,4746
369.09692,4747
369.0265,4748
368.95627,4749
368.8867,4750
368.8174,4751
368.74808,4752
368.67892,4753
368.61,4754
368.5402,4755
368.47092,4756
368.40195,4757
368.33353,4758
368.26443,4759
368.1968,4760
368.1284,4761
368.06003,4762
367.99216,4763
367.92322,4764
367.8557,4765
367.78882,4766
367.7205,4767
367.6536,4768
367.58652,4769
367.5195,4770
367.4524,4771
367.38428,4772
367.31876,4773
367.25143,4774
367.18555,4775
367.11868,4776
367.0527,4777
366.98618,4778
366.9205,4779
366.8549,4780
366.7882,4781
366.72336,4782
366.65775,4783
366.59293,4784
366.5273,4785
366.46255,4786
366.39697,4787
366.33115,4788
366.26746,4789
366.20297,4790
366.13855,4791
366.07373,4792
366.00964,4793
365.9454,4794
365.88074,4795
365.81735,4796
365.75406,4797
365.69022,4798
365.62656,4799
365.56345,4800
365.50058,4801
365.43698,4802
365.37344,4803
365.3107,4804
365.24887,4805
365.18533,4806
365.12366,4807
365.06076,4808
364.9983,4809
364.9366,4810
364.8735,4811
364.812,4812
364.75046,4813
364.68884,4814
364.62704,4815
364.56558,4816
364.50403,4817
364.44315,4818
364.3823,4819
364.3204,4820
364.2601,4821
364.1998,4822
364.13882,4823
364.0787,4824
364.01743,4825
363.95728,4826
363.89673,4827
363.83676,4828
363.77686,4829
363.71802,4830
363.65738,4831
363.5983,4832
363.53854,4833
363.47977,4834
363.41922,4835
363.36075,4836
363.30252,4837
363.24277,4838
363.18454,4839
363.1256,4840
363.0671,4841
363.0084,4842
362.9495,4843
362.89084,4844
362.83267,4845
362.7755,4846
362.71716,4847
362.65952,4848
362.60147,4849
362.54477,4850
362.4867,4851
362.42917,4852
362.37137,4853
362.31497,4854
362.25803,4855
362.2009,4856
362.1436,4857
362.08694,4858
362.0308,4859
361.97366,4860
361.9183,4861
361.86157,4862
361.80515,4863
361.74887,4864
361.69345,4865
361.63687,4866
361.58176,4867
361.52597,4868
361.46997,4869
361.41467,4870
361.35922,4871
361.30417,4872
361.2491,4873
361.19446,4874
361.13904,4875
361.0837,4876
361.02933,4877
360.97473,4878
360.9203,4879
360.86642,4880
360.81174,4881
360.75778,4882
360.70337,4883
360.64944,4884
360.5953,4885
360.5413,4886
360.4883,4887
360.4343,4888
360.38028,4889
360.32803,4890
360.275,4891
360.2207,4892
360.16794,4893
360.1151,4894
360.06265,4895
360.0094,4896
359.95764,4897
359.90445,4898
359.85205,4899
359.79968,4900
359.74756,4901
359.69507,4902
359.6425,4903
359.59082,4904
359.53903,4905
359.4873,4906
359.43576,4907
359.38416,4908
359.33237,4909
359.28113,4910
359.2297,4911
359.17868,4912
359.12778,4913
359.07632,4914
359.0264,4915
358.97488,4916
358.92444,4917
358.87354,4918
358.82288,4919
358.77225,4920
358.72217,4921
358.67197,4922
358.62247,4923
358.57214,4924
358.522,4925
358.47192,4926
358.42227,4927
358.37268,4928
358.32272,4929
358.27353,4930
358.22424,4931
358.17538,4932
358.12613,4933
358.07693,4934
358.0273,4935
357.97897,4936
357.93018,4937
357.88193,4938
357.83273,4939
357.78452,4940
357.73605,4941
357.68845,4942
357.63943,4943
357.59146,4944
357.54404,4945
357.49536,4946
357.44748,4947
357.39978,4948
357.3518,4949
357.30396,4950
357.2566,4951
357.2092,4952
357.16187,4953
357.1145,4954
357.06705,4955
357.0199,4956
356.97253,4957
356.92603,4958
356.8798,4959
356.83298,4960
356.7867,4961
356.73975,4962
356.69345,4963
356.64685,4964
356.60098,4965
356.55417,4966
356.50745,4967
356.462,4968
356.41638,4969
356.37097,4970
356.32455,4971
356.27844,4972
356.23337,4973
356.18802,4974
356.14206,4975
356.0972,4976
356.05228,4977
356.00632,4978
355.962,4979
355.91687,4980
355.8716,4981
355.82663,4982
355.78207,4983
355.73746,4984
355.69263,4985
355.64822,4986
355.60422,4987
355.56042,4988
355.51614,4989
355.4719,4990
355.42725,4991
355.38394,4992
355.33948,4993
355.2952,4994
355.25146,4995
355.2084,4996
355.1647,4997
355.1213,4998
355.07764,4999
355.0347,5000
354.99173,5001
354.948,5002
354.9054,5003
354.86194,5004
354.81845,5005
354.7764,5006
354.7332,5007
354.69058,5008
354.64844,5009
354.60583,5010
354.56335,5011
354.52115,5012
354.47827,5013
354.43668,5014
354.39426,5015
354.35254,5016
354.3103,5017
354.2692,5018
354.2268,5019
354.18518,5020
354.1432,5021
354.10168,5022
354.0599,5023
354.0188,5024
353.97766,5025
353.93668,5026
353.89505,5027
353.85397,5028
353.81308,5029
353.77243,5030
353.73132,5031
353.69046,5032
353.64932,5033
353.60913,5034
353.56857,5035
353.52856,5036
353.48758,5037
353.4476,5038
353.40756,5039
353.3679,5040
353.32715,5041
353.28665,5042
353.24695,5043
353.20694,5044
353.16748,5045
353.12814,5046
353.0887,5047
353.0485,5048
353.00903,5049
352.96945,5050
352.93057,5051
352.89078,5052
352.85178,5053
352.81216,5054
352.77344,5055
352.73547,5056
352.69565,5057
352.65686,5058
352.61813,5059
352.57925,5060
352.54074,5061
352.50195,5062
352.46396,5063
352.42532,5064
352.38684,5065
352.3492,5066
352.311,5067
352.27258,5068
352.23535,5069
352.19675,5070
352.15817,5071
352.1207,5072
352.08286,5073
352.0446,5074
352.00732,5075
351.96985,5076
351.93277,5077
351.8955,5078
351.8577,5079
351.8212,5080
351.78348,5081
351.7456,5082
351.7085,5083
351.6722,5084
351.63516,5085
351.59848,5086
351.56204,5087
351.52512,5088
351.4884,5089
351.45178,5090
351.41562,5091
351.37906,5092
351.34262,5093
351.30603,5094
351.26965,5095
351.2334,5096
351.19803,5097
351.16165,5098
351.12582,5099
351.0897,5100
351.0538,5101
351.01816,5102
350.9822,5103
350.94638,5104
350.91013,5105
350.87582,5106
