0 , 0.934
1 , 0.934
2 , 0.934
3 , 0.934
4 , 0.935
5 , 0.935
6 , 0.935
7 , 0.935
8 , 0.935
9 , 0.935
10 , 0.935
11 , 0.935
12 , 0.935
13 , 0.935
14 , 0.935
15 , 0.935
16 , 0.935
17 , 0.935
18 , 0.935
19 , 0.935
20 , 0.935
21 , 0.935
22 , 0.935
23 , 0.935
24 , 0.935
25 , 0.935
26 , 0.935
27 , 0.935
28 , 0.935
29 , 0.935
30 , 0.935
31 , 0.935
32 , 0.935
33 , 0.935
34 , 0.935
35 , 0.935
36 , 0.935
37 , 0.935
38 , 0.935
39 , 0.935
40 , 0.935
41 , 0.935
42 , 0.935
43 , 0.935
44 , 0.935
45 , 0.935
46 , 0.935
47 , 0.935
48 , 0.935
49 , 0.935
50 , 0.935
51 , 0.935
52 , 0.935
53 , 0.935
54 , 0.935
55 , 0.935
56 , 0.935
57 , 0.935
58 , 0.935
59 , 0.935
60 , 0.935
61 , 0.935
62 , 0.935
63 , 0.935
64 , 0.935
65 , 0.935
66 , 0.935
67 , 0.935
68 , 0.935
69 , 0.935
70 , 0.935
71 , 0.935
72 , 0.935
73 , 0.935
74 , 0.935
75 , 0.935
76 , 0.935
77 , 0.935
78 , 0.935
79 , 0.935
80 , 0.935
81 , 0.935
82 , 0.935
83 , 0.935
84 , 0.935
85 , 0.935
86 , 0.935
87 , 0.935
88 , 0.935
89 , 0.935
90 , 0.935
91 , 0.935
92 , 0.935
93 , 0.936
94 , 0.936
95 , 0.936
96 , 0.936
97 , 0.936
98 , 0.936
99 , 0.936
100 , 0.936
101 , 0.936
102 , 0.936
103 , 0.936
104 , 0.936
105 , 0.936
106 , 0.936
107 , 0.936
108 , 0.936
109 , 0.936
110 , 0.936
111 , 0.936
112 , 0.936
113 , 0.936
114 , 0.936
115 , 0.936
116 , 0.936
117 , 0.936
118 , 0.936
119 , 0.936
120 , 0.936
121 , 0.936
122 , 0.936
123 , 0.936
124 , 0.936
125 , 0.936
126 , 0.936
127 , 0.936
128 , 0.936
129 , 0.936
130 , 0.936
131 , 0.936
132 , 0.936
133 , 0.936
134 , 0.936
135 , 0.936
136 , 0.936
137 , 0.936
138 , 0.936
139 , 0.937
140 , 0.937
141 , 0.937
142 , 0.937
143 , 0.937
144 , 0.937
145 , 0.937
146 , 0.937
147 , 0.937
148 , 0.937
149 , 0.937
150 , 0.937
151 , 0.937
152 , 0.937
153 , 0.937
154 , 0.937
155 , 0.937
156 , 0.937
157 , 0.937
158 , 0.937
159 , 0.937
160 , 0.937
161 , 0.937
162 , 0.937
163 , 0.937
164 , 0.937
165 , 0.937
166 , 0.937
167 , 0.937
168 , 0.937
169 , 0.937
170 , 0.937
171 , 0.937
172 , 0.937
173 , 0.937
174 , 0.937
175 , 0.937
176 , 0.937
177 , 0.937
178 , 0.937
179 , 0.937
180 , 0.937
181 , 0.937
182 , 0.937
183 , 0.937
184 , 0.937
185 , 0.937
186 , 0.937
187 , 0.937
188 , 0.937
189 , 0.937
190 , 0.937
191 , 0.937
192 , 0.937
193 , 0.937
194 , 0.937
195 , 0.937
196 , 0.937
197 , 0.937
198 , 0.937
199 , 0.937
200 , 0.937
201 , 0.937
202 , 0.937
203 , 0.937
204 , 0.937
205 , 0.937
206 , 0.937
207 , 0.937
208 , 0.937
209 , 0.937
210 , 0.937
211 , 0.937
212 , 0.937
213 , 0.937
214 , 0.937
215 , 0.937
216 , 0.937
217 , 0.937
218 , 0.937
219 , 0.937
220 , 0.937
221 , 0.938
222 , 0.937
223 , 0.937
224 , 0.937
225 , 0.937
226 , 0.937
227 , 0.937
228 , 0.937
229 , 0.937
230 , 0.937
231 , 0.937
232 , 0.937
233 , 0.938
234 , 0.938
235 , 0.938
236 , 0.938
237 , 0.938
238 , 0.938
239 , 0.938
240 , 0.938
241 , 0.938
242 , 0.938
243 , 0.938
244 , 0.938
245 , 0.938
246 , 0.938
247 , 0.938
248 , 0.938
249 , 0.938
250 , 0.938
251 , 0.938
252 , 0.938
253 , 0.938
254 , 0.938
255 , 0.938
256 , 0.938
257 , 0.938
258 , 0.938
259 , 0.938
260 , 0.938
261 , 0.938
262 , 0.938
263 , 0.938
264 , 0.938
265 , 0.938
266 , 0.938
267 , 0.938
268 , 0.938
269 , 0.938
270 , 0.938
271 , 0.938
272 , 0.938
273 , 0.938
274 , 0.938
275 , 0.938
276 , 0.938
277 , 0.938
278 , 0.938
279 , 0.938
280 , 0.938
281 , 0.938
282 , 0.938
283 , 0.938
284 , 0.938
285 , 0.939
286 , 0.939
287 , 0.939
288 , 0.939
289 , 0.939
290 , 0.939
291 , 0.939
292 , 0.939
293 , 0.939
294 , 0.939
295 , 0.939
296 , 0.939
297 , 0.939
298 , 0.939
299 , 0.939
300 , 0.939
301 , 0.939
302 , 0.939
303 , 0.939
304 , 0.939
305 , 0.939
306 , 0.939
307 , 0.939
308 , 0.939
309 , 0.939
310 , 0.939
311 , 0.939
312 , 0.939
313 , 0.939
314 , 0.939
315 , 0.939
316 , 0.939
317 , 0.939
318 , 0.939
319 , 0.939
320 , 0.939
321 , 0.939
322 , 0.939
323 , 0.939
324 , 0.939
325 , 0.939
326 , 0.939
327 , 0.939
328 , 0.939
329 , 0.939
330 , 0.939
331 , 0.939
332 , 0.939
333 , 0.939
334 , 0.939
335 , 0.939
336 , 0.939
337 , 0.939
338 , 0.939
339 , 0.939
340 , 0.939
341 , 0.939
342 , 0.939
343 , 0.939
344 , 0.939
345 , 0.939
346 , 0.939
347 , 0.939
348 , 0.939
349 , 0.939
350 , 0.939
351 , 0.939
352 , 0.939
353 , 0.940
354 , 0.940
355 , 0.940
356 , 0.940
357 , 0.940
358 , 0.940
359 , 0.940
360 , 0.940
361 , 0.940
362 , 0.940
363 , 0.940
364 , 0.940
365 , 0.940
366 , 0.940
367 , 0.940
368 , 0.940
369 , 0.940
370 , 0.940
371 , 0.940
372 , 0.940
373 , 0.940
374 , 0.940
375 , 0.940
376 , 0.940
377 , 0.940
378 , 0.940
379 , 0.940
380 , 0.940
381 , 0.940
382 , 0.940
383 , 0.940
384 , 0.940
385 , 0.940
386 , 0.940
387 , 0.940
388 , 0.940
389 , 0.940
390 , 0.940
391 , 0.940
392 , 0.940
393 , 0.940
394 , 0.940
395 , 0.940
396 , 0.940
397 , 0.940
398 , 0.940
399 , 0.940
400 , 0.940
401 , 0.940
402 , 0.940
403 , 0.940
404 , 0.940
405 , 0.940
406 , 0.940
407 , 0.940
408 , 0.940
409 , 0.940
410 , 0.940
411 , 0.940
412 , 0.940
413 , 0.940
414 , 0.940
415 , 0.940
416 , 0.940
417 , 0.940
418 , 0.940
419 , 0.940
420 , 0.940
421 , 0.940
422 , 0.940
423 , 0.940
424 , 0.940
425 , 0.940
426 , 0.940
427 , 0.940
428 , 0.940
429 , 0.940
430 , 0.940
431 , 0.940
432 , 0.940
433 , 0.940
434 , 0.940
435 , 0.940
436 , 0.940
437 , 0.940
438 , 0.940
439 , 0.940
440 , 0.940
441 , 0.940
442 , 0.940
443 , 0.940
444 , 0.940
445 , 0.940
446 , 0.940
447 , 0.940
448 , 0.940
449 , 0.940
450 , 0.940
451 , 0.940
452 , 0.941
453 , 0.941
454 , 0.941
455 , 0.941
456 , 0.941
457 , 0.941
458 , 0.941
459 , 0.941
460 , 0.941
461 , 0.941
462 , 0.941
463 , 0.941
464 , 0.941
465 , 0.941
466 , 0.941
467 , 0.941
468 , 0.941
469 , 0.941
470 , 0.941
471 , 0.941
472 , 0.941
473 , 0.941
474 , 0.941
475 , 0.941
476 , 0.941
477 , 0.941
478 , 0.941
479 , 0.941
480 , 0.941
481 , 0.941
482 , 0.941
483 , 0.941
484 , 0.941
485 , 0.941
486 , 0.941
487 , 0.941
488 , 0.941
489 , 0.941
490 , 0.941
491 , 0.941
492 , 0.941
493 , 0.941
494 , 0.941
495 , 0.941
496 , 0.941
497 , 0.941
498 , 0.941
499 , 0.941
500 , 0.941
501 , 0.941
502 , 0.941
503 , 0.941
504 , 0.941
505 , 0.941
506 , 0.941
507 , 0.941
508 , 0.941
509 , 0.941
510 , 0.941
511 , 0.941
512 , 0.941
513 , 0.941
514 , 0.941
515 , 0.941
516 , 0.941
517 , 0.941
518 , 0.941
519 , 0.942
520 , 0.942
521 , 0.942
522 , 0.942
523 , 0.942
524 , 0.942
525 , 0.942
526 , 0.942
527 , 0.942
528 , 0.942
529 , 0.942
530 , 0.942
531 , 0.942
532 , 0.942
533 , 0.942
534 , 0.942
535 , 0.942
536 , 0.942
537 , 0.942
538 , 0.942
539 , 0.942
540 , 0.942
541 , 0.942
542 , 0.942
543 , 0.942
544 , 0.942
545 , 0.942
546 , 0.942
547 , 0.942
548 , 0.942
549 , 0.942
550 , 0.942
551 , 0.942
552 , 0.942
553 , 0.942
554 , 0.942
555 , 0.942
556 , 0.942
557 , 0.942
558 , 0.942
559 , 0.942
560 , 0.942
561 , 0.942
562 , 0.942
563 , 0.942
564 , 0.942
565 , 0.942
566 , 0.942
567 , 0.942
568 , 0.942
569 , 0.942
570 , 0.942
571 , 0.942
572 , 0.942
573 , 0.942
574 , 0.942
575 , 0.942
576 , 0.942
577 , 0.942
578 , 0.942
579 , 0.942
580 , 0.942
581 , 0.942
582 , 0.942
583 , 0.942
584 , 0.942
585 , 0.942
586 , 0.942
587 , 0.942
588 , 0.942
589 , 0.942
590 , 0.942
591 , 0.942
592 , 0.942
593 , 0.942
594 , 0.942
595 , 0.942
596 , 0.942
597 , 0.942
598 , 0.942
599 , 0.942
600 , 0.942
601 , 0.942
602 , 0.942
603 , 0.942
604 , 0.942
605 , 0.942
606 , 0.942
607 , 0.942
608 , 0.942
609 , 0.942
610 , 0.942
611 , 0.942
612 , 0.942
613 , 0.942
614 , 0.942
615 , 0.942
616 , 0.942
617 , 0.942
618 , 0.942
619 , 0.942
620 , 0.942
621 , 0.942
622 , 0.942
623 , 0.942
624 , 0.942
625 , 0.942
626 , 0.942
627 , 0.942
628 , 0.942
629 , 0.943
630 , 0.943
631 , 0.943
632 , 0.943
633 , 0.943
634 , 0.943
635 , 0.943
636 , 0.943
637 , 0.943
638 , 0.943
639 , 0.943
640 , 0.943
641 , 0.943
642 , 0.943
643 , 0.943
644 , 0.943
645 , 0.943
646 , 0.943
647 , 0.943
648 , 0.943
649 , 0.943
650 , 0.943
651 , 0.943
652 , 0.943
653 , 0.943
654 , 0.943
655 , 0.943
656 , 0.943
657 , 0.943
658 , 0.943
659 , 0.943
660 , 0.943
661 , 0.943
662 , 0.943
663 , 0.943
664 , 0.943
665 , 0.943
666 , 0.943
667 , 0.943
668 , 0.943
669 , 0.943
670 , 0.943
671 , 0.943
672 , 0.943
673 , 0.943
674 , 0.943
675 , 0.943
676 , 0.943
677 , 0.943
678 , 0.943
679 , 0.943
680 , 0.943
681 , 0.943
682 , 0.943
683 , 0.943
684 , 0.943
685 , 0.943
686 , 0.943
687 , 0.943
688 , 0.943
689 , 0.943
690 , 0.943
691 , 0.943
692 , 0.943
693 , 0.943
694 , 0.943
695 , 0.943
696 , 0.943
697 , 0.943
698 , 0.943
699 , 0.943
