0 , 0.477
1 , 0.477
2 , 0.477
3 , 0.477
4 , 0.477
5 , 0.477
6 , 0.476
7 , 0.476
8 , 0.476
9 , 0.476
10 , 0.476
11 , 0.476
12 , 0.476
13 , 0.476
14 , 0.476
15 , 0.475
16 , 0.475
17 , 0.475
18 , 0.475
19 , 0.475
20 , 0.475
21 , 0.475
22 , 0.475
23 , 0.475
24 , 0.475
25 , 0.474
26 , 0.474
27 , 0.474
28 , 0.474
29 , 0.474
30 , 0.474
31 , 0.474
32 , 0.474
33 , 0.474
34 , 0.473
35 , 0.473
36 , 0.473
37 , 0.473
38 , 0.473
39 , 0.473
40 , 0.473
41 , 0.473
42 , 0.473
43 , 0.472
44 , 0.472
45 , 0.472
46 , 0.472
47 , 0.472
48 , 0.472
49 , 0.472
50 , 0.472
51 , 0.472
52 , 0.472
53 , 0.471
54 , 0.471
55 , 0.471
56 , 0.471
57 , 0.471
58 , 0.471
59 , 0.471
60 , 0.471
61 , 0.471
62 , 0.470
63 , 0.470
64 , 0.470
65 , 0.470
66 , 0.470
67 , 0.470
68 , 0.470
69 , 0.470
70 , 0.470
71 , 0.470
72 , 0.469
73 , 0.469
74 , 0.469
75 , 0.469
76 , 0.469
77 , 0.469
78 , 0.469
79 , 0.469
80 , 0.469
81 , 0.468
82 , 0.468
83 , 0.468
84 , 0.468
85 , 0.468
86 , 0.468
87 , 0.468
88 , 0.468
89 , 0.468
90 , 0.468
91 , 0.467
92 , 0.467
93 , 0.467
94 , 0.467
95 , 0.467
96 , 0.467
97 , 0.467
98 , 0.467
99 , 0.467
100 , 0.467
101 , 0.466
102 , 0.466
103 , 0.466
104 , 0.466
105 , 0.466
106 , 0.466
107 , 0.466
108 , 0.466
109 , 0.466
110 , 0.466
111 , 0.465
112 , 0.465
113 , 0.465
114 , 0.465
115 , 0.465
116 , 0.465
117 , 0.465
118 , 0.465
119 , 0.465
120 , 0.464
121 , 0.464
122 , 0.464
123 , 0.464
124 , 0.464
125 , 0.464
126 , 0.464
127 , 0.464
128 , 0.464
129 , 0.464
130 , 0.463
131 , 0.463
132 , 0.463
133 , 0.463
134 , 0.463
135 , 0.463
136 , 0.463
137 , 0.463
138 , 0.463
139 , 0.463
140 , 0.462
141 , 0.462
142 , 0.462
143 , 0.462
144 , 0.462
145 , 0.462
146 , 0.462
147 , 0.462
148 , 0.462
149 , 0.462
150 , 0.461
151 , 0.461
152 , 0.461
153 , 0.461
154 , 0.461
155 , 0.461
156 , 0.461
157 , 0.461
158 , 0.461
159 , 0.461
160 , 0.460
161 , 0.460
162 , 0.460
163 , 0.460
164 , 0.460
165 , 0.460
166 , 0.460
167 , 0.460
168 , 0.460
169 , 0.460
170 , 0.459
171 , 0.459
172 , 0.459
173 , 0.459
174 , 0.459
175 , 0.459
176 , 0.459
177 , 0.459
178 , 0.459
179 , 0.459
180 , 0.459
181 , 0.458
182 , 0.458
183 , 0.458
184 , 0.458
185 , 0.458
186 , 0.458
187 , 0.458
188 , 0.458
189 , 0.458
190 , 0.458
191 , 0.457
192 , 0.457
193 , 0.457
194 , 0.457
195 , 0.457
196 , 0.457
197 , 0.457
198 , 0.457
199 , 0.457
200 , 0.457
201 , 0.456
202 , 0.456
203 , 0.456
204 , 0.456
205 , 0.456
206 , 0.456
207 , 0.456
208 , 0.456
209 , 0.456
210 , 0.456
211 , 0.456
212 , 0.455
213 , 0.455
214 , 0.455
215 , 0.455
216 , 0.455
217 , 0.455
218 , 0.455
219 , 0.455
220 , 0.455
221 , 0.455
222 , 0.454
223 , 0.454
224 , 0.454
225 , 0.454
226 , 0.454
227 , 0.454
228 , 0.454
229 , 0.454
230 , 0.454
231 , 0.454
232 , 0.453
233 , 0.453
234 , 0.453
235 , 0.453
236 , 0.453
237 , 0.453
238 , 0.453
239 , 0.453
240 , 0.453
241 , 0.453
242 , 0.453
243 , 0.452
244 , 0.452
245 , 0.452
246 , 0.452
247 , 0.452
248 , 0.452
249 , 0.452
250 , 0.452
251 , 0.452
252 , 0.452
253 , 0.452
254 , 0.451
255 , 0.451
256 , 0.451
257 , 0.451
258 , 0.451
259 , 0.451
260 , 0.451
261 , 0.451
262 , 0.451
263 , 0.451
264 , 0.450
265 , 0.450
266 , 0.450
267 , 0.450
268 , 0.450
269 , 0.450
270 , 0.450
271 , 0.450
272 , 0.450
273 , 0.450
274 , 0.450
275 , 0.449
276 , 0.449
277 , 0.449
278 , 0.449
279 , 0.449
280 , 0.449
281 , 0.449
282 , 0.449
283 , 0.449
284 , 0.449
285 , 0.449
286 , 0.448
287 , 0.448
288 , 0.448
289 , 0.448
290 , 0.448
291 , 0.448
292 , 0.448
293 , 0.448
294 , 0.448
295 , 0.448
296 , 0.448
297 , 0.447
298 , 0.447
299 , 0.447
300 , 0.447
301 , 0.447
302 , 0.447
303 , 0.447
304 , 0.447
305 , 0.447
306 , 0.447
307 , 0.447
308 , 0.446
309 , 0.446
310 , 0.446
311 , 0.446
312 , 0.446
313 , 0.446
314 , 0.446
315 , 0.446
316 , 0.446
317 , 0.446
318 , 0.446
319 , 0.445
320 , 0.445
321 , 0.445
322 , 0.445
323 , 0.445
324 , 0.445
325 , 0.445
326 , 0.445
327 , 0.445
328 , 0.445
329 , 0.445
330 , 0.444
331 , 0.444
332 , 0.444
333 , 0.444
334 , 0.444
335 , 0.444
336 , 0.444
337 , 0.444
338 , 0.444
339 , 0.444
340 , 0.444
341 , 0.443
342 , 0.443
343 , 0.443
344 , 0.443
345 , 0.443
346 , 0.443
347 , 0.443
348 , 0.443
349 , 0.443
350 , 0.443
351 , 0.443
352 , 0.442
353 , 0.442
354 , 0.442
355 , 0.442
356 , 0.442
357 , 0.442
358 , 0.442
359 , 0.442
360 , 0.442
361 , 0.442
362 , 0.442
363 , 0.441
364 , 0.441
365 , 0.441
366 , 0.441
367 , 0.441
368 , 0.441
369 , 0.441
370 , 0.441
371 , 0.441
372 , 0.441
373 , 0.441
374 , 0.441
375 , 0.440
376 , 0.440
377 , 0.440
378 , 0.440
379 , 0.440
380 , 0.440
381 , 0.440
382 , 0.440
383 , 0.440
384 , 0.440
385 , 0.440
386 , 0.439
387 , 0.439
388 , 0.439
389 , 0.439
390 , 0.439
391 , 0.439
392 , 0.439
393 , 0.439
394 , 0.439
395 , 0.439
396 , 0.439
397 , 0.438
398 , 0.438
399 , 0.438
400 , 0.438
401 , 0.438
402 , 0.438
403 , 0.438
404 , 0.438
405 , 0.438
406 , 0.438
407 , 0.438
408 , 0.438
409 , 0.437
410 , 0.437
411 , 0.437
412 , 0.437
413 , 0.437
414 , 0.437
415 , 0.437
416 , 0.437
417 , 0.437
418 , 0.437
419 , 0.437
420 , 0.436
421 , 0.436
422 , 0.436
423 , 0.436
424 , 0.436
425 , 0.436
426 , 0.436
427 , 0.436
428 , 0.436
429 , 0.436
430 , 0.436
431 , 0.436
432 , 0.435
433 , 0.435
434 , 0.435
435 , 0.435
436 , 0.435
437 , 0.435
438 , 0.435
439 , 0.435
440 , 0.435
441 , 0.435
442 , 0.435
443 , 0.435
444 , 0.434
445 , 0.434
446 , 0.434
447 , 0.434
448 , 0.434
449 , 0.434
450 , 0.434
451 , 0.434
452 , 0.434
453 , 0.434
454 , 0.434
455 , 0.434
456 , 0.433
457 , 0.433
458 , 0.433
459 , 0.433
460 , 0.433
461 , 0.433
462 , 0.433
463 , 0.433
464 , 0.433
465 , 0.433
466 , 0.433
467 , 0.433
468 , 0.432
469 , 0.432
470 , 0.432
471 , 0.432
472 , 0.432
473 , 0.432
474 , 0.432
475 , 0.432
476 , 0.432
477 , 0.432
478 , 0.432
479 , 0.431
480 , 0.431
481 , 0.431
482 , 0.431
483 , 0.431
484 , 0.431
485 , 0.431
486 , 0.431
487 , 0.431
488 , 0.431
489 , 0.431
490 , 0.431
491 , 0.430
492 , 0.430
493 , 0.430
494 , 0.430
495 , 0.430
496 , 0.430
497 , 0.430
498 , 0.430
499 , 0.430
500 , 0.430
501 , 0.430
502 , 0.430
503 , 0.430
504 , 0.429
505 , 0.429
506 , 0.429
507 , 0.429
508 , 0.429
509 , 0.429
510 , 0.429
511 , 0.429
512 , 0.429
513 , 0.429
514 , 0.429
515 , 0.429
516 , 0.428
517 , 0.428
518 , 0.428
519 , 0.428
520 , 0.428
521 , 0.428
522 , 0.428
523 , 0.428
524 , 0.428
525 , 0.428
526 , 0.428
527 , 0.428
528 , 0.427
529 , 0.427
530 , 0.427
531 , 0.427
532 , 0.427
533 , 0.427
534 , 0.427
535 , 0.427
536 , 0.427
537 , 0.427
538 , 0.427
539 , 0.427
540 , 0.426
541 , 0.426
542 , 0.426
543 , 0.426
544 , 0.426
545 , 0.426
546 , 0.426
547 , 0.426
548 , 0.426
549 , 0.426
550 , 0.426
551 , 0.426
552 , 0.426
553 , 0.425
554 , 0.425
555 , 0.425
556 , 0.425
557 , 0.425
558 , 0.425
559 , 0.425
560 , 0.425
561 , 0.425
562 , 0.425
563 , 0.425
564 , 0.425
565 , 0.424
566 , 0.424
567 , 0.424
568 , 0.424
569 , 0.424
570 , 0.424
571 , 0.424
572 , 0.424
573 , 0.424
574 , 0.424
575 , 0.424
576 , 0.424
577 , 0.423
578 , 0.423
579 , 0.423
580 , 0.423
581 , 0.423
582 , 0.423
583 , 0.423
584 , 0.423
585 , 0.423
586 , 0.423
587 , 0.423
588 , 0.423
589 , 0.423
590 , 0.422
591 , 0.422
592 , 0.422
593 , 0.422
594 , 0.422
595 , 0.422
596 , 0.422
597 , 0.422
598 , 0.422
599 , 0.422
600 , 0.422
601 , 0.422
602 , 0.422
603 , 0.421
604 , 0.421
605 , 0.421
606 , 0.421
607 , 0.421
608 , 0.421
609 , 0.421
610 , 0.421
611 , 0.421
612 , 0.421
613 , 0.421
614 , 0.421
615 , 0.420
616 , 0.420
617 , 0.420
618 , 0.420
619 , 0.420
620 , 0.420
621 , 0.420
622 , 0.420
623 , 0.420
624 , 0.420
625 , 0.420
626 , 0.420
627 , 0.420
628 , 0.419
629 , 0.419
630 , 0.419
631 , 0.419
632 , 0.419
633 , 0.419
634 , 0.419
635 , 0.419
636 , 0.419
637 , 0.419
638 , 0.419
639 , 0.419
640 , 0.419
641 , 0.418
642 , 0.418
643 , 0.418
644 , 0.418
645 , 0.418
646 , 0.418
647 , 0.418
648 , 0.418
649 , 0.418
650 , 0.418
651 , 0.418
652 , 0.418
653 , 0.418
654 , 0.417
655 , 0.417
656 , 0.417
657 , 0.417
658 , 0.417
659 , 0.417
660 , 0.417
661 , 0.417
662 , 0.417
663 , 0.417
664 , 0.417
665 , 0.417
666 , 0.417
667 , 0.416
668 , 0.416
669 , 0.416
670 , 0.416
671 , 0.416
672 , 0.416
673 , 0.416
674 , 0.416
675 , 0.416
676 , 0.416
677 , 0.416
678 , 0.416
679 , 0.416
680 , 0.415
681 , 0.415
682 , 0.415
683 , 0.415
684 , 0.415
685 , 0.415
686 , 0.415
687 , 0.415
688 , 0.415
689 , 0.415
690 , 0.415
691 , 0.415
692 , 0.415
693 , 0.414
694 , 0.414
695 , 0.414
696 , 0.414
697 , 0.414
698 , 0.414
699 , 0.414
